1216191
1214481
1425200
1084736
1354302
1276279
1000837
1371122
950396
1255208
1226077
1147416
1393069
647245
1179051
1261501
1397854
636279
974576
728949
1403775
1401905
1272146
1128992
1126166
1227816
1206617
1142364
879805
1214685
822119
1263249
1201012
974576
1156649
1138194
939243
1256290
929204
1222248
1394389
1340602
1156593
1032425
839033
1176508
1442500
1034541
1039659
978592
1294134
1300962
1026999
558449
402431
1016848
1079244
1047373
1238284
1255187
1229958
1387198
1167271
1061699
1395642
1100099
1276945
1192209
1104844
1019404
1097870
845781
1340168
852247
1005331
1399914
1097870
1243381
1098088
872585
1391409
912649
1097870
1388232
628922
1106739
1000075
1234811
848439
1280465
1338301
592983
804406
1364590
896151
1184495
971606
1154223
1184918
969047
1326059
1382511
1097175
945961
1376704
1171640
959098
1174139
1291932
1290486
1399914
1129598
1063879
1125073
1229901
646683
1100782
1282960
1112543
1290287
1321476
1001783
1372795
933260
1160018
1244492
1069387
1255017
533535
1104171
1053348
1252457
533535
1094974
972614
1131279
1225377
997162
698687
1368683
1142518
1371540
1361292
1214484
760147
827931
1100782
1371727
1330409
835113
1282138
1151949
1364082
1159799
1087822
889737
1226521
889737
1063877
1114513
1165466
1148172
1306764
1225683
1262165
1361048
1190469
1362101
1371350
1156212
774531
1352582
1233243
508883
1360610
1352821
863873
1210794
718014
1267217
1186532
1281933
1361882
1079485
917496
1300132
1329336
1362670
1014661
748230
977262
1125510
1024452
949484
586655
1154762
1168414
957452
1114513
840705
748167
917496
1067231
1215162
1245700
365177
1354503
1242526
1139817
877817
1228597
1022789
978592
1213742
1079091
804616
1263421
533535
1114926
1032823
1023922
957452
646683
1196412
1008409
519182
1357069
1186947
1172335
80
956842
1094138
786892
653346
1209290
998846
1039868
1272300
1019411
573435
1174618
1023922
1184420
567811
1086747
786892
1214509
974262
1019411
1086747
882059
653346
437342
719221
929590
1547
4547
1176202
975043
978586
1187619
760774
1032194
764442
615
758679
1126136
937746
823464
365620
14410
1081676
164372
94196
60672
4349
362058
1136897
266353
901362
6557
940721
1096197
645886
1771
446893
845111
862557
1022796
940551
277834
397003
324857
110415
299534
268531
140300
9502
9806
49730
1771
324542
218043
382512
488623
157350
49530
202643
13640
18823
615658
52451
101299
2310
262504
70160
13690
681260
131631
695721
10948
9948
12230
10009
83201
324852
588921
105864
420818
11688
504997
51170
10010
332210
412117
328111
10530
9487
11619
568124
127380
643533
9016
14906
22794
44683
37135
618354
522887
354912
1267
732721
17264
269149
509733
518601
9994
129
634368
153518
439059
11224
150540
210498
46929
3170
10567
539626
378236
335777
508439
586940
16866
46195
534313
2062
9904
533715
456635
385103
481084
62211
454699
214418
7443
41216
81188
261103
657561
518604
431580
606149
417859
686941
159824
594448
228165
458253
508965
462650
49444
508943
953
537059
38055
93456
76492
420818
11544
80321
491633
583209
20352
211672
10674
13700
726664
12242
774810
7484
8871
656561
265312
9907
663459
611139
227783
49519
560044
295693
79443
137116
7518
172385
370567
9023
82702
390867
506640
431693
77950
595503
528112
77931
487672
10191
196254
45162
408
324849
292014
581997
377897
57737
11360
91342
537056
67200
67201
122355
10599
289354
10957
359878
136793
302429
787699
464882
651249
10991
494407
12600
118412
144288
39323
592867
8392
33875
452970
4935
514710
505262
34065
36218
271706
10228
16808
12599
34067
39057
47292
50087
88557
25961
115223
150213
8220
26179
436931
303903
12429
6477
27352
571891
637
400157
227679
2300
41515
27088
483165
187017
19147
420814
823482
47559
727745
818647
200727
10198
294161
988078
339944
502416
174772
298026
77016
447404
238615
415381
760161
570564
406990
70981
15613
76726
645886
57165
179826
29427
218043
312831
300803
228148
402
203833
228148
475756
646473
444902
47931
60304
281338
132363
16312
381284
637920
52333
619396
9294
132363
443463
499932
646473
474354
345938
389015
458294
63311
424694
9912
106646
16763
59474
505205
199153
35716
35691
481667
72213
39401
17345
249660
18925
534338
691777
350641
377625
98022
45792
2447
419303
84758
339984
407439
236751
74114
342870
86834
29697
30973
235260
814094
318850
458352
54897
183542
21634
46019
372227
580494
323272
1896
467433
409502
497900
32254
476968
693399
355655
333596
372519
271468
628229
410129
14438
497
672
767
309425
671
675
674
673
12444
12445
424139
24150
380124
948
459202
11357
11361
11675
10987
10676
8393
11281
2082
610253
11442
50507
11937
173897
1576
968051
829560
805195
7737
35791
1577
829557
71679
12437
277
834
826749
10592
43209
52520
346672
9316
307663
7457
763164
651571
359412
12647
410554
384737
95
641790
531593
504562
8838
724989
4244
766907
552865
774714
1573
562
718949
47964
1572
1571
345915
18
4824
2069
83666
9567
9882
27352
693113
9333
326425
63
745
9319
23742
19959
2026
787310
680
3172
146216
189
450465
11074
20721
31544
21376
16113
19108
38202
15379
12764
752651
12715
38950
63777
22590
15983
19086
24825
32065
36278
14854
42566
23437
377
10072
10014
10131
11017
71880
10160
87428
11003
555790
2022
50546
9339
11284
11596
545303
109418
473033
9678
514999
38365
232672
9032
3563
617505
10663
347969
257344
238215
389053
9614
9506
10202
20829
10661
8077
395
440
34851
106
34851
348
346910
8078
169
126889
679
766507
8273
26123
2105
8277
71552
2770
8275
8274
250546
396422
10999
163907
9610
9387
415
9884
521029
390051
9946
9626
9604
6280
8452
9493
2099
218
87101
290859
296
87101
861
865
76640
9268
9593
36955
107846
144336
951
287424
339580
793465
414768
681638
590118
793425
494466
531158
741755
393737
590121
436398
10585
11932
325078
167032
590123
845929
455034
11187
11713
9462
37588
11249
11186
393345
18666
48773
13333
10423
50620
50619
809
808
8681
8966
82675
18239
260346
24021
810
420817
10192
345920
297761
400106
82700
8487
256591
2048
8960
6479
4958
9798
9737
602
453405
8961
321741
11321
8488
47933
1402
14373
24873
13939
19403
26173
31672
26263
34746
335
5925
26172
26119
59201
42358
1654
26444
8043
12766
9882
4857
73984
53426
591538
18587
8490
10684
615667
2034
136400
10637
44048
9800
1883
8963
11971
20504
14047
156022
10400
41823
388
7551
9944
8512
4982
2116
9411
59961
413362
39323
602269
982
501841
39102
345887
39324
18487
9665
21539
126963
503314
39105
610150
39101
39108
39100
39106
39145
39144
11569
8766
39107
44251
120475
39103
11246
39104
34433
303857
17455
24752
12699
12597
9003
89
217
87
85
70584
18741
300168
377447
18666
18758
38425
21519
13387
9335
265208
4108
27582
15092
100
265208
204082
130267
49021
107
119283
17809
8871
18731
79
18725
2085
8952
3049
38
340674
9273
124459
1624
11774
7552
2123
854
58224
10201
37165
310
454626
215
607
11917
22804
663
214
176
479455
41439
608
135397
41154
330
603
147619
605
604
262793
75212
624860
331
224931
147604
232518
232498
232519
81941
120753
218
192918
296
229882
290859
87101
232521
192714
147607
956
177677
954
955
280
353081
182127
56292
534
658009
44249
575264
44865
449924
15070
15255
122917
83088
83090
66105
38234
50253
57158
348893
83091
287590
123568
934433
4232
4233
4234
41446
646385
13186
9902
27703
125509
166426
71672
285
630586
259072
1369
1370
7555
1368
522938
6466
11470
4488
9725
9728
13207
9731
10285
10225
397003
9730
10283
724989
11
1891
10281
181808
181812
330459
1894
3512
728209
585311
4982
8845
389425
411632
650272
286668
14362
140607
23631
10173
550134
2320
227359
11228
9482
10461
272061
10167
461714
23916
512412
9972
107846
9691
31701
394223
2636
10375
21610
27578
28932
76163
138103
174383
9350
1246
9876
1374
1375
424783
1371
1858
1367
480042
440471
9618
9874
1366
4256
91314
127521
8373
38356
335988
9405
238589
205724
18214
9103
37498
71677
256687
17466
308529
10134
454615
9594
13672
10222
525554
9399
729720
100683
454615
2019
11690
449503
538207
10596
9721
49498
11517
326284
19277
19167
10861
10413
26390
10366
12721
122857
11667
8831
36586
5289
36648
36647
493065
46429
10158
39349
455551
9739
528888
15071
10538
450932
1133232
4954
952020
1114972
975407
10952
11808
1003871
1095190
787761
792307
576079
839369
900026
749047
807172
994108
1147416
14620
1072790
24883
729854
1954
156717
1160164
1165832
16258
1111440
401478
1259415
51256
582913
620883
510388
375355
135415
656793
215830
631404
1607
599281
682532
424694
568124
879444
897087
656793
508943
277834
420818
412117
1045170
897087
299534
1045170
926393
417503
926393
727745
968051
1053592
1053592
284279
417503
6933
718930
785534
514921
926393
787699
522402
35056
329865
324786
346698
335984
427641
166428
454640
550988
7131
560057
337404
958340
400160
109445
812635
131634
572802
672437
447277
335977
915935
965548
840430
1078862
467244
681461
488343
881460
481367
719256
461130
250388
864101
38780
562566
901454
322061
923857
9475
137200
698508
673247
1203041
11327
555793
829424
10862
642
223702
824687
486514
761851
141052
324338
346364
249397
249397
999291
373675
19386
852881
390618
888
609358
72848
76492
806675
806675
806675
806675
806675
806675
806675
806675
806675
806675
806675
806675
806675
806675
806675
806675
806675
806675
806675
806675
806675
806675
806675
806675
806675
806675
806675
806675
806675
806675
806675
806675
806675
806675
806675
806675
806675
806675
806675
806675
806675
806675
806675
806675
806675
806675
806675
806675
806675
806675
806675
806675
806675
806675
806675
806675
806675
806675
806675
806675
806675
806675
806675
806675
806675
806675
806675
806675
806675
806675
806675
806675
806675
806675
806675
806675
806675
806675
806675
806675
806675
806675
806675
806675
806675
806675
806675
806675
806675
806675
806675
806675
806675
806675
806675
806675
806675
806675
806675
60549
1123917
75000
1171841
1171841
1171841
1171841
1171841
1171841
1171841
1171841
1171841
1171841
1171841
1171841
1171841
1171841
1171841
1171841
1171841
1171841
1171841
1171841
1171841
1171841
1171841
1171841
1171841
1171841
1171841
1171841
1171841
1171841
1171841
1171841
1171841
1171841
1171841
1171841
1171841
1171841
1171841
1171841
1171841
1171841
1171841
1171841
1171841
1171841
1171841
1171841
1171841
1171841
1171841
1171841
1171841
1171841
1171841
1171841
1171841
1171841
1171841
1171841
1171841
1171841
1171841
1171841
1171841
1171841
1171841
1171841
1171841
1171841
1171841
1171841
1171841
1171841
1171841
1171841
1171841
1171841
1171841
1171841
1171841
1171841
1171841
1171841
1171841
1171841
1171841
1171841
1171841
1171841
1171841
1171841
1171841
1171841
1171841
1171841
1171841
1171841
1171841
1171841
1171841
1171841
1171841
1171841
1171841
1171841
1171841
1171841
1171841
1171841
1171841
1171841
1171841
1171841
1171841
1171841
1171841
1171841
1171841
1171841
1171841
1171841
1171841
1171841
1171841
1171841
1171841
1171841
1171841
1171841
1171841
1171841
1171841
1171841
1171841
1171841
1171841
1171841
1171841
1171841
1171841
1171841
1171841
1171841
1171841
1171841
1171841
1171841
1171841
1171841
1171841
1171841
1171841
1171841
1171841
1171841
1171841
1171841
1171841
297160
297160
297160
297160
297160
297160
297160
297160
297160
297160
297160
297160
297160
297160
297160
297160
297160
297160
297160
297160
297160
297160
297160
297160
297160
297160
297160
297160
297160
297160
297160
297160
297160
297160
297160
297160
297160
297160
297160
297160
297160
297160
297160
297160
297160
297160
297160
297160
297160
297160
297160
297160
297160
297160
297160
297160
297160
297160
297160
297160
297160
297160
297160
297160
297160
297160
297160
297160
297160
297160
297160
297160
297160
297160
297160
297160
297160
297160
297160
297160
297160
297160
297160
297160
297160
297160
297160
297160
297160
297160
297160
297160
297160
297160
297160
297160
297160
297160
297160
297160
297160
297160
297160
297160
297160
297160
297160
297160
297160
297160
297160
297160
297160
297160
297160
297160
297160
297160
297160
297160
297160
297160
297160
297160
297160
297160
297160
297160
297160
297160
297160
297160
297160
297160
297160
297160
297160
297160
297160
297160
297160
297160
297160
297160
297160
297160
297160
297160
297160
297160
297160
297160
297160
297160
297160
297160
297160
297160
297160
297160
297160
297160
297160
297160
297160
297160
297160
297160
297160
297160
297160
297160
297160
297160
297160
297160
297160
297160
297160
297160
297160
297160
297160
297160
297160
297160
297160
297160
297160
297160
297160
297160
297160
297160
297160
297160
297160
297160
77805
87818
77805
136799
614479
715931
280092
91586
406563
8224
500919
9679
49018
615774
754
548473
9802
301608
500922
2757
23047
795
1852
433630
47327
590706
242310
10427
456048
407436
460885
1250
500916
401561
71676
523077
733864
437375
27022
1830
1738
8688
340945
70578
199373
290637
17038
5994
297596
163907
44037
11699
9825
639933
336560
397415
8649
135309
23438
1221157
649985
848326
1151399
90538
52916
52916
52916
52916
30708
6474
537996
1676
753477
18647
131229
266285
338766
1406
8068
109500
158076
89888
298382
38665
43821
60545
12690
866038
66055
324786
39558
621954
13902
14117
524124
974961
630016
10637
11072
664803
492565
44264
17529
21866
335
493488
642
111459
68718
49849
10772
6644
729648
9588
83140
54164
376501
264656
27277
13470
503437
426312
195423
1428
174751
384680
151933
576379
43348
473165
43829
232518
576
576
10747
530161
91060
6609
9086
453807
8879
20533
366994
11175
8043
291356
4512
57201
95838
695576
11901
347969
24748
18118
11040
10935
399019
547116
6643
23356
540977
688734
4938
354110
1936
14674
778501
412296
223485
136228
301
5176
82633
15067
11967
440161
2055
134693
48169
859860
36233
294963
62648
336
129701
131229
273248
35381
398265
26593
785663
12106
333484
12766
37347
966
16563
414018
11509
11842
498743
929590
11969
634524
9394
43002
13503
729577
429
188161
11574
56431
566574
618162
2362
46443
12160
13249
16320
1127166
1209290
970943
1018332
370964
845783
759213
778810
1001500
881508
945657
996637
949567
1000173
784130
589885
998022
707079
927107
828900
602688
793157
1000173
686003
763820
48686
414424
8005
812635
315011
425298
1094844
653567
856396
686489
818621
1305906
1015303
810271
546505
866346
681478
964592
15668
17336
879330
834347
1143319
850099
301846
1103501
607442
645290
983223
324916
744857
1068625
996154
912908
573793
972944
916224
865686
1008554
786573
793155
513327
801913
828373
1087914
937654
1127175
1174803
871812
850165
820940
762735
725133
844227
811076
960251
609271
1066205
773565
910762
1068521
1032124
1267728
924763
478530
1015356
828899
833043
299054
968441
1035057
521171
887864
664341
980537
299054
495764
18519
527774
34751
12
346698
20653
36419
9073
447277
129533
285733
21705
168903
23566
15167
476631
1093349
13459
44874
13004
415749
738215
255718
812456
520946
10020
732450
10898
411736
587317
5393
724475
741074
752455
14128
16119
732670
721656
638134
594328
682254
350499
550738
287233
580461
677638
749618
469310
10112
515698
315064
82703
703771
454291
506752
462927
369552
985617
726940
366668
330457
823464
10599
564145
433694
44896
615774
16390
335797
967847
9473
1079485
586954
967847
810271
336313
518755
76826
1777
16248
113082
503346
60670
438695
509730
437342
437342
648337
307650
416153
13465
15947
553903
975043
1159204
1588
467248
15261
21474
805102
12540
965548
831410
8490
11211
78
1027073
602518
1111873
862491
651915
597094
797784
890541
1248
530263
18710
915831
470
10498
301608
97481
9586
113594
736593
746180
650272
396371
517909
7457
583689
860867
596054
385332
551115
449992
865011
598215
835678
529983
504172
520663
608804
9705
53172
505579
261023
775790
893297
526973
121824
513487
544431
560204
33542
776821
835433
471859
260416
401469
388202
429555
1592
750599
589612
392044
286709
241
191137
750109
824865
23168
9400
497757
842942
597433
1598
695969
601844
582014
429200
716810
592656
671039
18065
747803
493065
660598
475
574396
372343
569711
644495
560362
429422
524
82682
609189
16617
839065
544401
1089
433501
795899
603119
257088
620924
678416
81938
44945
12554
8838
9672
235
11454
8046
578189
500
22803
196024
317091
587808
2034
659940
222581
535292
421473
1016431
489435
31597
500734
625248
486947
2924
632618
713711
254201
831223
353070
11412
314402
628707
21106
766907
8592
10651
43947
10474
207768
728113
357096
390043
9366
558574
799555
7442
163
202220
43334
866127
219572
339403
655311
777236
13250
588073
497582
425336
546554
552865
116613
510689
601666
633049
390433
481879
1646
468339
311
500682
509853
823855
275
13012
337170
7501
949
621191
13150
89501
26269
25941
11368
661374
1043565
416249
529210
19017
3131
785527
44113
15794
22828
8923
534490
818192
871932
487558
1072567
484901
624789
431582
438674
560412
436387
228968
184
481880
717512
11322
721510
550506
693113
693827
515724
861294
592656
276907
658412
589157
2118
184346
722149
619778
522212
458842
4771
220882
522627
783508
445224
567733
530723
505026
894263
661067
567733
10254
622469
10254
22398
499932
531499
531499
241554
619396
11327
606523
7304
765123
597208
385360
507505
570661
242582
643532
106646
514277
339395
265602
848791
431112
38542
607822
656113
607822
388399
656113
634904
4547
565470
541134
634904
1830
398978
18487
466081
214135
800305
800305
784410
529245
659940
1016446
471507
240
747016
747016
609242
800815
747016
21575
82633
538260
440161
496874
497370
422821
518772
101
2112
542917
429203
642532
402900
673174
257
644083
559974
6977
1422
524369
769
334524
117
778844
660006
433498
629
272226
13184
414063
691812
775334
618200
857700
651610
199373
828588
449756
483906
635920
100544
876024
4133
582218
511468
642803
533992
10398
8065
1081055
520360
660330
487680
17689
75007
826396
21191
567797
486131
807
807
486131
569016
486131
336845
896054
579051
339692
1075540
776781
750433
634524
438689
579051
850329
546116
819
546116
643612
614488
643612
614488
302401
356296
716594
512239
835112
266450
571785
457799
103
758935
913
801335
13390
656940
631404
323966
6145
633342
941959
13008
788388
37094
11699
492613
718451
497
552681
305943
238636
13195
429203
158015
699046
660353
466411
1033107
650906
604782
847738
624481
539565
747688
862965
1076868
25934
602307
12665
77874
472983
527729
377878
454458
78570
580600
354279
18223
556901
537061
913290
901563
120
121
122
301351
9762
280217
994751
9589
454549
389015
38167
925102
670989
539517
8328
243683
593680
746062
85446
41233
859468
338
788045
534259
670989
43192
466673
838482
511809
770
690846
429351
926771
1162172
44982
40205
1045536
511619
389
44115
625169
453201
842479
615224
646071
838368
1041419
166666
109410
445456
664413
582943
576071
785538
43539
509585
845887
65
683020
14097
407806
228194
10068
804464
64678
530263
722800
633515
620137
581982
646973
785084
661791
418879
627463
41965
109417
2176
419835
690575
45094
910365
639160
103663
26355
440374
9959
1047680
873
290098
10647
71688
514547
633742
274820
780080
286052
15392
12783
304357
606952
326316
532865
421447
451499
935724
663943
22067
1433
340613
396371
10592
563388
515985
892515
375262
37233
399055
554230
341735
589049
2623
514995
245842
517909
306819
501624
424505
782044
946703
200505
305638
1717
34636
27793
18651
254065
34584
245706
1098640
504172
297806
837938
619061
5689
2668
755340
424
135682
662821
11087
559907
299800
606870
608804
9374
529862
656523
419709
784149
12149
565382
65086
534259
821427
608085
15121
332794
567566
177449
841524
73
465353
55420
667953
667953
17355
276844
583757
729210
19101
591538
489927
621013
1165
558095
613
37799
605375
811114
428323
463387
509598
263978
540020
836002
843847
10586
63493
3580
35690
844530
501395
1203222
542928
517468
439552
615667
575981
634296
841733
795514
447362
446696
525540
12837
548544
63081
617762
424600
650380
666959
483548
6947
235271
148
638449
1365
46063
8967
529580
505225
774639
528761
261023
850028
564898
637620
621954
1813
246860
7457
36419
838889
90369
550776
637637
588009
965150
22051
949884
1201213
452530
766712
728142
15143
480941
576002
402529
397567
518068
80426
889300
149509
693489
622963
480572
673309
605874
15592
733851
885110
733851
669423
646646
11831
12159
974188
692862
257785
43347
60281
93
482303
79978
316154
655524
399956
209271
545836
581420
757895
776047
1023994
854937
340666
796014
13275
616061
560204
7350
1157723
585759
76
480950
778552
631188
810015
582876
541611
622082
477311
651657
665057
95608
485098
517088
14215
776821
827887
68734
376290
8836
705861
434370
489176
812025
812025
52587
621739
9400
87827
643537
23168
476344
623953
858815
800407
688
509932
821881
890980
882997
590
519056
694919
5279
516630
345920
600583
695323
1164
727293
852046
451764
615777
606813
13960
446159
201365
215935
495659
777270
16869
519255
14
263472
933876
750466
284537
64586
716810
1950
45958
53961
870842
322697
330544
454527
653659
493488
506758
96936
450536
301502
472451
535845
167073
595940
1016808
513263
767254
11128
85350
644089
506876
971647
999127
1130659
536176
644495
631058
723542
42297
596864
845349
667241
763261
232572
515379
12554
120095
50541
109424
872989
729120
9443
57212
324333
35645
589761
65157
1206857
829
339405
550
7214
152532
279259
15
865400
235
23529
12400
565307
389301
1049574
640435
10684
44214
11358
454652
809972
1038130
510355
16270
362478
403
568165
327411
500244
774473
1103590
836009
16131
546194
22627
1061640
9476
115348
743048
26333
486947
681437
470333
9741
17130
939979
22803
389425
631831
471707
884
677179
828434
828558
1640
312221
49014
32160
1181538
752622
1495
681022
87825
641849
765684
893222
34769
414777
461992
704622
12723
4380
13888
596161
705996
874948
671812
581
994368
298096
34750
1017066
439306
3549
10474
479259
419743
451
656531
407448
159410
9366
793285
530956
623627
575813
10677
874562
1179061
1372
504592
579496
1653
612304
840382
48116
626735
728113
551332
254772
157829
758866
453278
15907
758866
907
519010
820446
719284
935
535544
457136
374720
504599
568994
972671
529216
597088
8848
11929
875295
547590
152601
822124
19554
715931
337674
535356
279690
301348
10314
837881
13250
449749
497582
455842
759688
666265
409306
614934
25248
232175
1034629
467909
428446
602198
809970
7445
469197
1646
711
448447
943049
542921
744952
139997
495386
469726
152599
592984
500682
39393
462
255343
500840
6479
421632
10491
289225
14114
440918
12505
734081
21355
610781
777245
505707
195423
375098
466272
744949
9800
9918
735726
516604
603772
275076
69335
47557
21736
11197
660717
11661
597876
541305
640964
534665
521929
865382
406997
518896
788920
479520
512199
9693
686548
475214
563943
650040
552659
9073
18519
105768
1059811
4148
662712
37932
310307
14012
489138
10060
1788
359724
621191
3131
429194
904453
244403
505941
1634
658777
543995
11499
687838
393750
791674
747687
256591
446132
678
866678
502425
586591
157354
209629
710871
452731
251
618231
416680
829503
982981
9815
9763
159344
509364
899524
13223
490132
9410
347616
19851
19139
14786
471287
471506
624417
129705
59962
59440
810413
727024
1075969
489
535308
9740
748066
309886
506528
641023
666219
961707
20857
602147
345470
517093
611698
510498
8923
603519
468291
50014
619443
10400
492188
802403
613710
1059368
733209
952464
11978
11978
824386
63710
412519
908229
485336
347629
39349
487558
515114
11322
484901
282984
205
676150
1010227
11324
696157
864873
841793
660000
814757
245556
10110
467824
1544
502786
958196
15362
607926
13635
500916
12117
38842
745078
724986
867
77338
942668
22954
473033
555795
88794
584900
38684
665899
683641
441282
776511
14914
144271
115782
115929
481880
692233
550506
157919
343674
9869
773543
69
82878
45104
15163
274479
678292
483347
581475
460070
491283
17443
640971
56555
391773
228398
583406
10730
515724
244509
600335
556018
784
4958
1077835
737288
604298
811782
391713
457232
693827
76739
399725
29918
13819
879440
353575
1193070
291871
11313
653594
4476
541187
9303
300153
1077670
679901
72976
968739
900706
522212
582885
606153
111969
334543
778256
460071
210479
10712
250734
9769
283708
937278
77805
906237
10497
41823
592776
616464
492616
340104
1883
531592
603055
726897
225728
651906
809140
778655
10648
334
975407
515911
77930
431261
729766
372518
157827
2133
273733
430450
882853
458342
334541
752564
77016
752637
614560
526103
4771
344041
59
392982
1887
390061
16083
913816
332283
235459
421915
20083
228203
353440
828483
137233
466175
424488
11306
14138
551271
928001
396386
8197
11423
12651
418921
375366
554689
528888
31939
1904
785537
781099
575803
70
578671
96712
1192553
539649
828588
64868
750253
714037
191456
675485
642803
9411
30765
13920
356189
656530
649985
600354
744114
746040
66
13689
14834
1265
7461
4133
450487
30680
649087
401847
33851
802443
739465
121365
342470
640
727002
313266
71859
752455
253331
63193
933762
533992
250427
256917
271736
860860
4478
98431
513409
120077
576069
8446
581518
826680
383585
381615
667969
8065
754800
651907
232679
697806
436459
50225
20544
49449
646473
649394
857446
615466
9779
10449
641960
10188
1026822
70006
530154
480881
786
8456
841575
391757
536743
12405
466410
544404
567690
451915
20763
881
480857
519465
520360
544479
294866
380
1677
317557
4584
9609
869025
800425
458131
472497
760991
176124
590854
479614
329981
820682
845222
265195
943822
456187
952701
952701
2355
552532
1246
1367
1371
1374
1375
1366
97006
413362
660330
616819
714195
592863
10359
9036
390874
12701
6106
1066385
32254
400387
12508
432870
141747
10476
504608
429189
759054
667869
593427
10922
14534
41283
13497
567797
96721
960519
169652
495332
571419
392033
339692
443463
641
7345
465914
332979
575776
336845
249164
228148
4464
790386
510298
11321
39486
414187
15503
438689
670439
393624
666624
598708
693399
16052
819
429174
706720
28178
597107
632617
44560
239678
75900
352179
39442
450841
978
547017
534939
43757
654
643612
655187
526703
118638
513111
510314
575293
322
207
25318
25
614488
467240
490726
31655
356296
300687
191034
10210
734858
553794
716612
585381
567714
122081
245700
1099967
603204
716594
277216
616651
324308
9665
9879
741635
736771
661927
363676
534366
1394439
25311
660005
71866
77987
653584
1083428
8356
24420
233112
811631
323052
535348
1645
1175343
639514
651170
574151
63945
1036172
192145
238710
335578
245846
15577
133694
517412
395834
479703
529811
807351
722778
327331
10537
174351
674610
492613
500860
421984
449756
1061786
525828
512731
157845
537116
568111
854239
793992
583759
286256
15765
634544
597
606440
465136
624899
401545
891
606856
500854
655289
468224
10627
837548
809910
698948
19621
1125
603603
515357
743528
418533
21539
359940
581600
28285
464733
862701
888467
622971
25676
417678
968572
796849
451919
507084
662745
37094
549661
911071
668195
426865
64685
770156
884533
5994
899535
8470
884535
321741
962682
77223
467936
886553
1042933
566039
305215
137321
682532
668048
321751
835268
193418
510
671940
77877
806368
945897
46661
523561
400928
11393
393457
501907
520763
682507
1947
324807
468225
618416
50780
750596
651391
364733
478624
284284
347026
447034
647241
11259
278
22881
185424
14811
846005
489931
748994
47559
37141
747779
691126
800787
442965
813152
693730
505638
984752
467917
474994
475132
382591
785037
404
654344
51763
10950
942624
692861
174341
453
844203
228205
831224
624625
702
466411
552515
913851
5902
448776
10024
661914
785522
588730
403300
736298
548755
177047
511858
331044
588182
1014566
650906
644444
4413
375572
665783
2160
583841
8649
659959
331583
35144
514801
1001875
754067
1165568
542591
678496
365958
70423
11099
11699
533514
336455
10393
508687
691417
691417
70666
653614
760099
824079
747688
633929
750276
604512
13435
931954
615228
429202
631060
915311
664297
736263
9829
10673
438808
244786
278247
623273
352492
1949
121640
894246
713115
565391
451184
297462
15556
619979
244761
459959
453755
1006176
147441
20268
296492
709631
1110082
533592
1021497
543583
228174
644852
2604
30943
46705
240820
550030
600
332562
555277
480622
491761
1020532
856396
788933
10197
361790
9882
807024
806690
17474
491472
1156201
592662
776503
581734
538495
681355
14326
347866
895659
462469
588787
242582
541724
797309
588656
607430
607430
27
423612
9585
507505
895549
60524
8358
878204
1358947
785544
435577
597208
861072
811596
380075
1027254
793998
488411
134411
242452
928334
88273
468362
814338
609418
25643
9272
18701
668610
497916
627725
385360
672279
650031
653522
643532
878183
765245
646371
292011
398841
474764
481848
1172675
7979
336000
1005774
501738
9481
764407
505394
369523
499932
565470
477887
44219
24016
13466
776936
4922
567748
9944
617768
343668
541134
489763
655379
528402
2576
655379
61418
399404
694254
537860
720318
8092
670243
250124
227156
536728
264736
589535
718838
547
36351
49517
488548
525661
74534
916386
916386
755900
503919
879080
4982
463257
634904
476764
268238
341244
12201
169881
506558
472033
466081
493522
398978
814094
819453
656216
582902
528949
9482
64682
508570
78698
60308
607442
214135
106646
8441
353326
423303
318
9785
11329
653708
653708
575353
450322
1985
411728
521034
921643
598824
8055
205596
9692
800305
80278
363992
1124
95269
845875
346687
1417
455605
132363
291351
684281
644583
15487
339060
823766
525428
51043
735129
768147
490846
396461
860852
239571
1016446
11162
14254
491480
388
550032
874196
14574
480420
639609
853667
399121
240
555819
423
409
2024
422821
522927
555748
33473
1931
454610
124601
13823
595172
472674
840427
55306
192
50348
423087
238
242
1630
14181
717694
427214
331986
1007928
28211
369972
340270
552178
952392
90540
619264
11557
512263
393765
496874
659715
264644
575774
395993
492998
328796
1830
532812
524047
25405
9095
655080
524348
67198
865
857
38718
356168
316029
492452
921655
399366
574249
142
25376
655358
550231
944024
607528
16858
274
527261
558615
647048
287636
449204
886755
1045227
11820
688286
473021
292105
301804
1213
5123
16425
223381
32625
837392
962279
474982
337874
920394
418896
12308
289222
746422
1053140
1010789
248549
800545
406
470044
2007
6977
1185245
504605
838910
1523
685949
13536
477489
622977
612152
620476
290751
243352
575923
364384
769
523977
10022
387426
34671
5852
2253
1422
117
440161
4348
524369
493551
575417
468198
1030009
430976
438396
581158
660006
293646
244239
556984
629
490000
18476
10805
334524
659994
804095
18276
674324
82695
492611
601470
650
394537
848112
9787
34377
717672
433498
411144
658619
532024
193687
687
553087
26339
625518
525183
911129
254172
61979
920220
542714
523781
19214
458220
836018
41144
284293
540136
733181
9475
9454
31451
559581
13944
607259
1010860
504321
295964
10142
9991
749004
1440
245913
2057
11012
286217
5590
9003
8766
392442
676
459910
641662
159389
185248
818415
38642
9516
10085
10555
50698
529790
534072
3602
11880
134366
3293
797946
346364
1118595
774021
1160018
719030
756999
735253
11351
913673
823482
55341
71668
447332
514593
676691
26466
10145
717728
517764
876920
680050
343795
450806
514439
474392
636484
18524
355547
717980
24590
347126
37302
352078
38828
499338
424998
454286
29229
470878
543515
383498
206284
5653
527776
449393
36362
188072
560057
6844
502581
46003
520758
69304
580077
520758
520758
805195
30366
1052119
342473
10882
359983
499088
3933
515333
452773
10865
13205
34134
12144
19004
19164
15997
8916
366656
1117379
1117379
45772
228326
406759
326359
19165
507086
1115395
1064390
400155
459788
274862
10527
442056
585
427515
10137
9732
5255
11430
177572
51052
400650
364689
10258
116711
462883
1111873
381719
38757
322487
109451
823482
758679
13179
17979
297270
823464
967847
975043
25475
75258
74785
153158
1209290
175112
448779
1105407
1026436
744857
365620
845783
1018332
620683
1022796
14160
472553
467244
614933
618588
315162
243684
897087
1175785
679794
533
840430
1170000
843527
1011985
574451
934632
980083
1072790
792307
969492
1083658
691179
693134
1125311
941959
553087
512199
1019420
636706
9749
538225
763215
1051023
940551
359410
1072342
802219
634492
976584
873
137113
932420
1094556
948037
446894
931935
516632
866398
848538
950141
929170
1168709
228611
673593
843617
1090874
572802
598387
787699
1231953
1101582
487680
1014209
640361
955916
1229958
609681
769
848326
520758
609681
957314
1226841
906126
1155089
695721
1066606
1212073
1221388
798362
59387
916224
1211419
753342
891699
901362
848187
89443
1071215
335977
807172
678512
726209
1105948
872585
958006
1221118
930564
1290938
670292
11416
912908
299054
1001811
1016084
1023845
466420
948038
870358
507532
1103787
1123093
1029575
1022964
1186957
1017507
1024127
1013228
927085
1001884
1111966
975490
879538
787781
951491
1154598
342473
10676
893723
1190012
790459
1196527
1177672
575264
951491
1039960
575264
912916
850880
926393
1105803
771439
968051
1008042
1126852
1079078
1139087
1179664
1121316
863858
747188
237756
830790
554596
1074262
1167725
910571
763165
10756
1259365
968438
635910
830764
346698
447277
1072371
974931
818511
1119173
1059811
958340
980489
565770
790493
1084736
1122634
513223
1151534
805320
1113448
717930
480414
1077430
936952
855263
745391
999644
615656
869641
882834
522924
1153222
724209
776098
927070
647250
1128604
569094
796185
736769
884605
614479
1040148
846778
736790
667538
667538
926008
1083862
1070514
447365
298618
917007
667216
1150743
988762
1362648
1128979
921636
455476
840326
140
541134
455476
385687
1126844
385687
10158
603661
798286
697843
300668
882569
603692
616037
649609
961718
499932
406563
962682
758336
733317
1010581
1063422
710356
858408
1096342
768503
640146
934433
502356
620705
1078862
948713
713704
121365
1093231
844417
964980
493529
897399
804150
400160
420808
758323
942922
1085103
1111140
13187
876969
829410
611213
454527
804778
531509
800815
818647
785084
818648
738646
893752
842945
866413
1057577
955991
997776
514999
864873
1054513
869626
921655
808087
722149
405774
703451
763152
1018228
818659
567970
717728
817758
594767
769636
739405
612152
474354
700391
597891
739990
615665
581600
857729
616819
878375
534665
1035048
1049638
726759
615658
32471
851644
857732
615777
932430
705996
785538
717980
937278
837881
295151
734265
696157
1014566
623195
623491
631842
513576
804095
811596
760883
315162
619297
899405
814757
1174618
669671
622855
663712
881164
670989
899112
845659
1042984
497828
147925
347626
852096
1077280
775996
646389
1024627
831946
1086747
869112
901385
785544
934761
632065
898308
661374
842544
1024546
877703
971647
505642
758009
818502
997391
1083404
11283
653851
846433
1043565
1230684
754609
49046
1034337
869025
550988
760104
760161
1182088
785976
852448
555604
785663
9479
18196
744114
948276
1010860
62838
551271
668482
913290
780382
985939
715931
994468
744594
616820
436270
887357
780609
1253935
635891
791155
718930
560057
10599
756999
1147416
614934
816952
539681
766475
1009772
894205
896485
751237
454294
366672
800939
759054
764810
507086
809140
916605
550037
795109
646380
642885
567811
838330
725201
718789
895744
361743
438148
629176
752623
809107
818397
763285
501841
4233
342470
862491
453395
56651
597208
799883
644495
800425
814340
517088
843847
11846
645886
610253
648579
568124
727293
526896
338953
624860
628914
540977
675353
20287
634649
640265
680860
508947
268
619803
928999
1167271
11224
646380
467909
728526
727745
776503
765245
582014
802226
460458
800510
639721
425909
583406
524434
566525
508943
370172
767499
693134
892976
337404
568620
580489
637649
647048
581734
736074
653349
792657
385128
447332
600354
412656
424694
451048
497698
588228
423108
9312
9312
301528
527774
615457
567189
449176
423204
827529
399566
632357
406997
672647
590223
335988
546121
324786
529203
596161
446893
458576
634544
791373
548544
615656
508570
10674
484718
320288
246655
76170
505225
36658
691677
36657
481848
524047
36668
263115
127585
597
630566
548473
431693
449924
555974
340102
577922
495764
627725
570670
475430
18499
689723
527729
606856
512200
453405
659067
512200
535308
535308
615177
939243
330457
658751
448119
501907
1311550
515001
530915
256274
290859
338762
338762
508439
9587
181812
431580
431580
565426
382748
9471
9471
512895
455207
454640
454640
455207
420809
420818
420818
338967
420809
501170
479455
479455
420817
359724
522162
540901
338967
299534
299534
339964
339964
549559
419704
719030
419704
865400
889737
474350
12445
12444
767
675
674
673
672
453201
671
504172
438808
484641
483906
484641
400650
345887
454294
474350
447404
287947
1165568
299537
490132
500682
13939
166428
335984
260513
353081
458156
521029
521029
514439
286217
399579
369972
373571
8871
332562
429617
399579
455980
320288
338970
240832
456740
424139
446807
640146
155
404368
424783
299536
405774
338952
315635
335983
1079485
284052
463821
428078
284053
406761
351286
157336
284054
283995
324857
348350
1209290
383498
375588
480530
968051
487558
401469
297802
273481
400535
209999
808228
273817
289550
273817
475964
875584
79931
40321
63973
380062
486458
939128
262441
394724
74582
22201
585991
283781
717286
37219
290949
59474
63008
232560
55417
260069
383739
147252
418020
432493
696708
221538
353363
17000
694699
850688
272078
40297
336508
385117
769234
846860
361850
1009939
616990
438645
784717
142773
394835
749403
498320
1174776
435011
22258
336516
665120
637186
152488
40534
136538
248457
362741
780733
609771
29147
71213
337204
300245
392115
110261
401348
449788
794440
85816
20227
647636
147079
731971
82419
524405
1017214
20425
555266
149776
1126990
1111531
637188
568332
370172
76134
366622
458305
63014
17868
392709
19352
421799
947457
60428
1082063
1087388
974036
974635
1272146
974036
693
518068
628914
460465
1303280
914215
968051
552688
572802
964980
614930
1144668
1152596
514847
1365677
1192745
1214523
447365
666219
603692
1141996
457232
949229
931642
1052433
1157246
1039882
913673
1389445
912974
1171541
756999
872585
1153659
1020006
697843
840326
1311185
944194
1190012
1170677
1149947
516806
39393
890215
779356
42109
574547
1117321
448763
435803
571721
43615
605367
328263
992230
37817
847155
227964
555890
392147
220022
80426
288286
448763
360141
420322
254436
42031
525176
480486
623086
102784
575869
279383
413870
65150
62895
586441
103281
418963
304405
446159
187600
480408
361781
531122
479871
320709
381138
385566
377273
277636
676650
436449
315205
72560
348545
154441
111459
228177
420276
490039
23854
314029
324465
322740
46647
429210
244252
106153
556982
58235
672406
492827
74228
469915
248543
555793
468407
420324
8440
631360
742671
352431
307226
458905
16821
22627
510662
268100
580075
666
598
69938
214355
7343
377362
553608
480714
278444
421386
439066
359573
228208
557095
243451
62156
544946
291211
413872
161908
434471
227968
562289
34196
409304
471284
135913
262782
820940
216593
42234
478397
117534
190204
460661
360139
167683
560491
489991
10712
453356
199708
428645
352993
568700
568985
194143
482016
237791
84763
372518
436349
16083
507792
294095
430128
560966
261461
52345
555794
574089
603994
67737
620683
799524
45179
298386
551306
916861
373579
620650
500458
359429
224233
70816
347188
17358
498086
77710
106763
569071
227932
228202
564427
203217
515908
764407
56840
363103
494491
228185
522168
341244
618431
615322
14421
40096
19147
535107
420648
541696
541696
49374
480420
40860
227931
254439
499195
533412
210802
649733
223381
418896
34671
506464
570099
73624
814874
397113
40823
548886
241848
676522
466190
245913
79934
670641
49882
515921
79934
420703
97989
430412
59990
532125
494493
227970
34277
37050
623780
488503
428519
524323
436365
440844
332719
457064
394499
438446
228148
322977
74053
555590
450600
480213
359787
227961
535348
286256
528112
132608
34588
337706
46645
718263
573660
47931
34588
300820
21752
21752
662745
554691
417587
448933
544355
549246
361787
51186
492826
24510
513216
206563
96001
549336
7347
551572
416248
70666
322994
459670
381725
355950
929560
448949
17809
529528
392510
488689
615275
303982
180371
45532
337708
227953
213131
607183
270525
107203
385128
385687
436355
678512
129679
786892
480252
84751
356849
851012
1081709
870404
786892
9799
980489
77959
66105
129
584
13804
168259
39144
9615
585244
384018
337339
51497
671295
82992
36658
10992
246655
127585
320288
36668
36657
49538
726739
39691
9355
9659
611291
8810
76341
351694
80518
355547
11974
652385
811050
503616
4257
2080
13654
13313
9297
950
8355
278154
110416
425
57800
13283
9078
14919
9399
434757
15016
316322
585257
382322
242643
585257
260514
13851
48988
84261
669823
873
2759
32831
11425
42594
14621
2623
8769
10658
82148
42661
3104
334898
56231
11415
10017
177449
63493
637
37530
108183
18502
89904
58903
11905
88183
11041
9273
3049
252
1585
12611
15143
32061
170603
29032
11976
33990
66469
3079
82085
24913
3127
11072
14052
10925
24929
21947
19142
524
11006
13765
15120
15
29396
14035
40771
40772
2609
40773
9603
263035
8069
17898
201474
11340
195814
12485
14729
434638
10824
26978
140648
16248
8469
18509
11977
11223
27307
16281
216593
197
37136
811
907
9290
9396
9671
80785
10489
1685
562
1573
9377
215341
73587
38965
19913
64161
100042
12705
458740
352394
64160
50185
13105
31638
109279
6114
10023
197418
223541
33521
48309
246900
1634
162
628
601
5680
244123
59897
20859
772
51743
12536
30914
31671
17360
108121
79823
121518
14347
232755
763
52660
48129
3604
927
928
103210
19124
9604
28893
9493
621
11298
29794
32595
35945
38500
11451
8974
36421
877817
14140
5919
41357
8766
72984
21989
2565
864
63360
41586
47354
8856
10345
30636
17971
11177
1885
34014
226739
11177
116158
34376
152244
11649
4032
26973
19382
10019
11881
10510
4587
8816
14499
264688
4543
9481
19761
17264
16938
12919
22692
4543
13511
13368
38923
2005
16535
263430
6279
387
89720
21711
24655
99036
10015
31448
16307
619
11904
11639
73079
32613
9479
854
46330
192
41651
14728
526
14208
127832
107016
194980
14207
274
16307
861
27088
991
694
163252
481332
158087
42332
10785
11077
9529
26386
650
17918
630
28601
28597
11583
18331
3090
13938
232
9454
10538
10136
11884
30876
9494
11982
9356
10552
28415
12
620
10779
9340
4337
2978
298948
34276
571
9647
11009
61755
11850
807
284361
49370
72574
13342
869
11335
35977
27295
830
75799
2280
6106
336784
20481
27764
13704
24264
18169
597
72449
957
14746
10774
11428
29942
79615
70817
58048
99192
278
13339
64428
31679
1541
951
636
281264
18391
40060
77780
1923
11959
45296
10081
13189
8491
8494
24951
2605
11966
90
96
306
31397
273237
14170
40064
12574
23752
12158
850
13640
436270
414906
6
736074
16136
114
1888
464882
38805
732450
9745
11549
1637
411736
537056
565770
475557
297761
11033
887357
382512
791373
997776
10607
9600
12150
862491
917376
24126
26042
870358
917376
487672
594767
45162
37749
886396
272
414
618354
298618
11342
30913
618353
209112
49026
364
44912
1003579
1150537
1003581
408220
913205
1924
10020
49017
410113
24056
26173
487491
980083
49521
345887
436969
284279
417503
9453
137113
13183
43641
294148
50677
522627
1189214
8536
618355
761061
12139
13184
262500
156022
256347
854575
390054
403605
44363
10975
500664
659254
9448
1305906
9404
49526
8441
9721
11474
10003
9361
10622
11001
9091
48138
1266
523931
14245
502356
14247
9545
1107872
1111140
876969
461053
899557
311324
64689
739405
13483
1120632
545925
948713
920081
861126
842945
17467
549724
722149
695556
554579
12500
486684
660598
899112
619803
646389
761332
1024627
710718
1107872
1077280
9381
11866
781456
849869
946310
1024546
20083
916719
18587
1101799
727340
558574
1102776
22787
868759
638974
42905
894432
575075
787
18725
829799
649392
768939
753477
848123
747803
714694
850871
896485
620025
983488
785663
47336
1035806
1009772
447957
972313
359412
233204
876684
873126
769636
1006357
862193
725201
785853
9509
717512
457712
938008
17457
961484
893297
921353
818397
944864
921360
714694
509585
999205
300673
20174
759507
71254
916821
567204
651793
865370
674652
864116
980180
894169
888195
491854
854467
429473
919348
367198
777831
12138
252178
709
710
206647
37724
668
700
36557
658
682
660
707
698
646
691
714
500919
36670
36643
681
370172
10764
699
36669
79548
17134
269795
127521
192102
9679
62206
43539
1271
416149
195269
58857
2749
271234
830790
49498
9405
44982
300671
84226
34179
560057
347375
484638
404958
53182
150
229182
19644
347984
1391382
615774
615774
503346
363579
2789
1098640
82190
89
15267
438455
254672
619592
426284
233
21338
307663
617921
527508
11371
11713
617782
588228
11636
2501
97630
396535
118957
259695
526682
1268976
18666
9802
381902
38604
18196
512926
8698
449992
9631
9342
458594
408266
336882
26648
75174
645788
591237
661595
17653
419704
429886
15092
284352
4614
2502
286873
9208
37799
12437
659067
10425
94116
391486
437109
122924
238589
72331
680028
2100
646150
454283
512195
38526
763285
8202
604822
823625
529982
484468
604822
1306037
572197
11665
13275
147655
763164
892414
500922
402370
585213
18305
318954
399360
443700
616803
25682
9471
4327
503736
447200
33542
522016
534094
414719
346672
25678
484641
457335
1048241
241
535265
443791
1003596
50646
776821
10974
261392
4643
9471
308531
460059
595743
98566
630004
11517
278924
4597
278924
333669
121856
694327
608845
479040
430354
11702
7485
445954
433621
4421
268
272
414
398289
5889
306325
188924
601844
5890
205724
38700
256040
36648
255268
15357
573435
348893
1969
27352
15379
11128
493488
3177
64205
309887
94380
2661
8681
82675
260346
11143
948276
300168
49026
155
44833
399248
438145
631360
4108
9335
13387
36586
265208
12764
614208
456781
23047
27310
410554
195590
794004
329540
568490
794004
799497
171581
8975
382542
555817
620924
760868
426423
60520
291167
158011
11358
16113
19086
23759
301843
585311
4638
641790
47854
843380
9972
82682
397003
372782
286668
230179
25074
18214
1669
531593
11198
95516
24418
25927
682377
62835
667
253
13027
574060
668973
1147416
9476
1701
2924
587808
45612
140212
452558
375946
178
13127
13830
10999
82450
628900
384798
512901
28761
578189
37902
910596
51620
10483
11228
401478
305276
383498
397873
604685
10134
704622
276902
324542
9103
13939
13939
14373
24873
26263
34746
928999
524047
749407
22803
354979
5551
604872
437291
10027
427433
426265
136400
77234
49017
808023
293771
521647
293660
724989
724989
390043
390043
29229
2119
9594
9923
562
1573
1571
403232
9053
467342
290512
244316
38828
15417
2436
352078
766907
438674
15860
25571
64690
469726
588073
455043
64690
522931
176827
552957
1572
1573
9624
47964
380308
344120
26389
9039
8337
411632
644092
202220
360339
949
1428
313074
481879
567604
11847
15797
817451
34544
509967
57165
19124
615678
430293
270774
14362
332411
18316
926680
85889
40136
2048
47825
479520
399566
883502
37498
554600
447365
100241
416249
774714
550988
426285
8960
57165
57165
10718
399402
14869
452551
3131
523638
72559
568620
17466
558449
300673
516486
625568
864873
239318
289269
72190
413052
718949
957035
309886
44048
39349
9604
50456
10616
831946
611698
68721
429617
249070
296524
1620
1726
10138
192141
147741
75822
315635
256687
414190
105001
9869
70160
131634
131631
101299
457710
2089
9798
11688
267860
423204
360387
117263
267193
436932
44249
343611
324668
75780
597891
13672
257032
49529
860
507241
10730
658009
20533
245891
324552
458156
573042
619297
11060
41586
366080
9399
10495
1885
589157
8856
447665
483205
1885
8963
343668
393
10222
24
476669
207703
18881
540871
14854
17417
604685
365003
843659
4421
8353
529106
954
353081
955
393306
460465
663870
9091
13154
1250
359410
13051
10674
866329
9359
198663
294254
345940
11968
364433
301703
82
177677
56292
500852
657
71676
13437
346808
452103
942
941
9882
454615
134411
2019
9386
634528
9460
943
12498
944
634452
611562
341077
213927
430040
22832
99036
10167
593652
312221
292631
136797
402331
254904
957452
432165
919586
339530
702936
407375
415842
464889
497916
216282
40805
2140
290595
2636
647785
9550
753232
9501
302946
75822
14047
591
489763
241958
440777
403232
449924
294993
12481
37034
13486
78049
297291
522417
38234
268196
466081
18725
14756
14756
5503
102629
15255
581528
27181
19384
25087
11344
9313
97430
296367
365222
37472
385371
18674
882569
76544
49521
242
296695
156022
367206
17417
20504
733864
10003
9619
121823
228611
228611
758902
7549
865
149085
252168
329984
461714
6623
1738
1351811
381002
345235
11230
76640
540977
348
619278
8909
767
464723
538260
13486
208567
1729
1830
146
10975
336004
95663
2503
10266
1523
370464
402900
9462
326425
1215162
861
441531
438396
559974
616
2978
17182
89514
16353
9316
399361
10145
82633
11967
14943
76163
138103
407887
43209
180299
180299
438799
289535
98567
326284
36555
64686
6978
145561
14636
19067
251749
27581
10538
1149381
874443
27578
34813
353610
299738
1167271
49021
346838
26444
415214
14538
136850
10529
21115
308504
25377
37821
483906
571650
119283
430682
448776
459910
446101
152259
42120
334074
59961
412361
513691
516657
478826
119450
61791
70006
190847
281338
49526
80389
10753
9056
1257455
390364
503
500916
475210
250388
9738
21521
176241
11563
21519
605375
859041
8292
763025
391757
124294
8697
10596
616819
227229
412547
1576
1577
7737
35791
71679
450932
1369
13153
1370
7555
522938
485296
10861
9350
190469
174682
12113
136418
1368
2085
12123
421658
32032
825997
581032
390253
695596
41283
8078
447427
12721
144336
979772
359787
188357
9718
107846
10431
474392
333545
107846
14746
8195
955916
635780
13022
538207
339692
567189
619803
417503
461053
221731
375588
486131
9917
559937
221732
127533
189
602063
346558
19167
394223
460846
256474
8374
122857
10366
11078
833498
134374
180863
122081
51876
227359
10116
11835
11667
270007
433627
11841
58574
327833
187
10412
271404
1924
28510
17585
9349
9349
32985
348389
292040
435841
15268
286339
21968
2162
497370
957951
227300
50022
357940
457915
542444
500475
9618
11045
286548
42194
571785
2335
77663
8834
254128
302666
339095
10195
284053
514921
760747
1214314
76338
376003
8831
8285
9448
77780
4012
9255
744
7451
407454
274504
9595
449985
290764
725090
388
6341
90
623464
33196
75656
233490
652
310135
291805
2332
2334
434355
661416
1637
316152
294793
576156
510284
429733
505513
412452
14367
19803
9654
721452
51875
10413
244339
335787
96
7131
17336
997391
804435
675327
24056
16392
1639
51497
168259
384018
385687
337339
385128
82992
369698
13804
29979
9615
180948
416777
100542
297596
128185
595985
338967
595985
10782
10357
380111
724717
9829
61717
345887
726429
471014
11679
681260
452557
11474
606402
47971
760104
452015
252
557972
311324
617782
305638
775996
591237
246
177231
18447
44631
2310
319
9289
559907
41216
53157
7840
59883
779782
9342
299687
332794
81188
447277
18524
10586
9697
505418
407447
71864
431580
1362101
642885
2268
452530
334935
985101
44826
554133
734624
10488
973509
59981
87827
581599
498248
13836
428045
643537
564
1498
116745
98566
1008204
509932
11372
589982
575094
527400
13448
359695
14199
550440
461928
11828
763539
8204
437316
392476
1499
333167
10191
82702
166428
381890
231530
44833
314776
434358
778810
71781
334304
1648
390867
175574
58595
573164
290512
13373
334533
1649
47854
339967
626735
448119
408296
503314
503314
37430
303857
39145
39144
10253
15673
531219
529216
451644
9557
364324
450314
489939
428446
378236
248223
664422
955740
659254
417320
791155
506574
277217
338958
558394
1634
9073
18823
205584
499701
28609
422047
430219
476792
134
11849
566364
378423
575100
556694
476389
309302
576379
472983
2486
10372
932288
778855
451048
378932
442062
43930
10730
18126
426563
12222
399174
34560
680447
184315
17710
204436
719981
81005
217923
576784
353486
366994
577242
522518
892527
37958
293167
93456
313297
13597
115290
502098
852495
700037
830784
1996
6520
198677
8619
954382
102651
614587
8619
446170
27022
16931
1005774
50119
547090
518829
1084736
278927
577028
1032454
74523
10923
335795
328387
961427
17047
390062
567966
14208
14728
5915
450301
428078
346687
432165
290595
1417
267935
17417
31221
9550
12448
793269
454294
294993
435
547066
294050
522417
198436
18
819062
427395
1729
48844
37861
20416
13938
314285
478820
297725
49051
283366
546449
17979
780382
655371
346838
532024
654910
529790
836018
6312
458302
426543
381719
633761
298948
565539
463821
698410
68728
900667
436830
460024
10599
10599
555604
166426
366668
629542
11619
123553
51162
70981
10196
81870
427641
526746
712331
591120
675445
478159
96721
266647
10601
56288
526703
12279
522478
924482
983366
485296
675353
454626
758330
375785
676705
51186
9477
294161
811631
9543
485296
175112
811592
206563
662745
36897
760873
319924
520763
274857
487083
47533
464334
11459
425148
414001
228205
9745
32985
62213
331044
339964
9637
586742
9487
561557
472553
41515
147441
23629
11774
173214
744949
605735
455546
668461
754272
6283
348898
570488
371645
57393
203819
571655
44115
334298
88751
866319
992328
378932
11713
286873
421623
6637
616180
105001
6795
1035573
1012042
818110
227735
314095
34751
18519
12914
13001
24833
1026624
287590
119645
1020969
634120
74944
560964
79
311146
681940
540914
302828
579878
617921
59447
561557
432294
937746
445727
897018
1088530
11076
731110
516698
65218
42053
325189
39833
18535
18639
18644
18643
18228
1393069
18642
32825
8745
18692
2098
2094
18645
18691
18894
18682
15697
18690
45598
31151
1057491
927824
1268
664413
1008409
718821
8271
1281
761053
850356
953553
971961
724089
1146412
761053
1142615
1146417
185341
10664
80280
578701
1267173
18616
18616
41995
11859
7980
34482
1030620
1735
444395
14457
2123
352186
35951
435803
828279
12225
405177
8859
627103
779918
9354
336445
6399
613096
574547
505524
11425
82679
381283
45243
502145
35976
18785
826953
19572
109439
45242
930701
577990
841045
12139
9598
95753
10603
9447
49012
37817
678585
617787
900026
11185
79040
38322
10013
134374
571977
518452
193893
100
1819
816
2266
838480
605367
13531
308369
890541
455656
10464
12085
537996
531269
19913
727745
58547
534039
673271
10035
52051
4951
546630
698783
84165
173185
10468
286052
584427
575291
765119
308174
480001
382748
407447
14846
11041
579583
611213
583083
32471
9586
454983
40807
82401
411764
526050
53922
594084
532893
2022
577647
934209
323676
735436
228967
339404
554133
190129
1172009
13969
304410
2758
589976
623086
403569
616251
29631
596054
857278
45225
636565
14817
249
5175
985939
2109
858258
449406
10710
611843
2058
582596
402897
116745
9374
445571
22777
651894
489327
397422
574374
428988
570564
575479
406668
3049
544448
16608
15616
443009
812630
328589
11665
761388
365372
595931
6575
456108
94116
641336
2698
384682
648723
658751
203739
5991
45301
426030
325813
2770
762888
26123
2105
8277
8273
71552
8275
8274
653349
575179
615665
408670
12454
1618
590223
838104
172897
515248
735919
739227
604031
480407
187017
399796
55301
7350
258509
214030
238522
660982
489415
37922
468302
653910
705861
523773
467248
1588
831410
11211
671119
887645
38073
1226406
21542
628917
437316
11090
540901
437586
9038
17610
64688
9603
416965
28658
802504
398177
486101
490004
457335
371638
34723
228177
324465
550440
42889
12153
6069
17379
306943
482981
11318
24243
370765
449562
18974
574241
434358
244458
62046
99770
16511
843889
817
818
824112
45243
429210
331836
493058
613093
634496
8584
339846
4551
18131
833286
779302
351044
38163
18065
60089
669659
765169
539617
334533
13161
818659
41382
16821
431867
20678
501979
21724
521777
1826
740985
68
12762
525938
85654
814340
71880
24438
981159
872
227106
392
69938
71153
318541
515919
9339
1244658
688730
499573
810171
459992
8346
302688
536869
934761
333112
14774
541099
13962
10992
39691
726739
954748
342474
47320
13320
410760
9442
351819
480714
2108
13702
441592
1574
16297
896502
615177
37136
489929
19973
641997
10297
1542
337404
9919
835666
9557
544946
9377
949484
547012
425134
805327
74465
19103
419459
741228
786705
668640
353569
291211
62156
161908
37137
530076
36593
499230
354861
467673
939475
100042
772272
860159
272693
778814
483411
29872
728054
801526
379019
568132
768503
536725
458534
498678
862551
10096
146239
491418
800937
659991
8467
664031
637881
361788
71726
502385
271718
424781
156708
553002
706510
638597
676859
9760
885458
47874
438424
35169
843906
26141
9583
451409
2800
647813
774741
82650
448119
60307
417830
760154
502682
44881
615946
985883
478397
3981
507143
336183
487297
1077280
575100
117534
10833
11616
347630
10314
11689
539441
288036
691683
347626
838372
113145
19273
580175
399131
42950
1001465
633908
18074
9007
846721
7288
18843
10760
13159
318917
10184
34016
546554
9655
575538
5680
713176
425001
555120
752803
556678
800669
19899
180296
2064
50546
28370
34544
791155
188222
1636
87428
7303
932288
601666
626872
1597
3563
39451
513083
636565
18506
32685
248574
1584
532880
14347
260448
604578
790416
112084
817812
7278
10317
31083
785457
308151
515841
785527
452188
550988
49520
9352
681509
138832
707886
701004
55457
8866
128592
519035
771437
523534
1061634
12772
11153
19084
1013951
38365
109418
13167
505600
930499
425909
531454
542602
545303
635772
472226
11419
16614
296099
9530
59962
9513
8920
18126
19994
11852
354431
113655
17710
10646
580629
609181
11453
348089
426563
10158
231488
355066
546377
12797
10758
512019
709629
218784
838330
430128
518668
2976
555768
806354
107985
439058
10947
7512
184345
139038
864
783556
32856
20983
10074
2565
521092
10799
13649
11887
821133
2690
515001
595148
11031
12094
65851
828853
232672
75268
273641
843847
515818
26602
53389
1013228
472815
849777
20443
9029
343668
207703
11962
656663
9683
353486
6280
620725
604685
9390
7326
573042
776515
776515
87150
58400
38408
127987
425591
11232
834500
623856
10324
11770
762968
352094
255261
426825
252102
661881
261461
1175543
1004294
426272
11172
2959
18736
342238
314283
583755
603994
799524
718697
13156
423949
10715
10587
778730
11825
9336
10157
11895
11546
9582
341392
58231
31880
11469
818752
735291
465109
845404
620650
445629
703859
901
10030
10471
537919
11282
1262
799335
35680
262793
224931
578944
640923
785516
458423
671821
11631
252680
120753
592336
572123
147604
445793
232498
72391
14306
13401
81941
5516
678287
75212
12569
10625
38579
10830
38431
168115
2069
2069
11974
9489
9489
59436
449563
652962
739993
601297
712176
514999
865498
458264
47407
51481
454992
9474
671043
56840
228185
392140
514619
2193
516652
647745
4474
72890
10040
771502
12556
530723
1493
55721
635497
764068
362105
34803
12919
583689
661677
538227
6961
351870
428703
292631
591539
11814
193610
9890
145220
354287
157107
546228
559713
114955
8321
487476
26528
239573
506025
483435
225565
519473
1045944
14043
299582
483435
646380
12182
506775
11888
445030
429416
716706
11212
669329
11025
554596
454467
635891
9757
479834
254439
254439
541696
542930
211954
437557
477510
40089
1581
499195
660609
649733
9889
502292
481339
750520
11775
11397
30363
746466
823031
637053
268238
147763
2018
603206
486225
438348
543540
305937
44564
8952
48287
339103
397601
8871
9880
414823
350
656113
617505
76493
129139
11452
12435
23023
19147
297725
257091
194
192918
606876
10214
15338
511789
914
18674
106646
749953
2277
914
7453
115
774785
18905
633954
655371
575645
1624
1624
52347
498247
746419
746419
9032
232519
296867
273912
648579
11077
28597
28601
346658
597049
877205
18331
629277
582257
24100
398947
10136
536529
23082
420703
60400
297362
548791
744936
462723
1095190
232521
13785
519597
27088
892835
9072
800545
854
642532
436910
402900
575417
33730
582206
276843
10022
574188
262
246741
37165
319350
694234
9820
642684
454293
58431
8393
8393
50507
6957
143550
529207
413727
486233
659994
651586
489925
1002315
492353
9340
653606
227970
734780
594
552990
27581
47088
488503
623780
58224
13260
10897
20048
77953
419772
260535
64328
735838
785985
9429
282994
888
55922
116741
6519
759
529209
19580
11091
18947
52741
11467
812592
1108258
37821
76489
756187
516729
516729
11890
48988
252838
607259
607259
478159
15157
381719
522478
84203
878059
668742
975120
419680
274167
587272
522464
369560
821890
738231
174188
87818
448458
651610
511022
455207
496243
466282
39513
10312
9522
513584
301337
13668
685169
228399
59392
20856
883648
445727
823556
582218
833591
879163
425716
168530
22345
27295
435126
375785
9024
489930
323675
912828
486521
69342
134153
463858
645998
35688
87826
52449
749047
57119
57214
397722
296178
57210
13477
433310
565326
691422
510334
381289
262391
376660
8872
11455
391700
505436
647316
668780
4944
9968
9718
586333
744941
11637
5966
492
611674
912908
227961
122906
337706
957
826451
22327
763329
68941
664698
1809
695596
706226
22309
12090
526034
275601
11011
656563
13704
1011570
11584
13994
21778
891396
653569
949218
599960
430528
284
44718
15314
14560
25562
10189
582570
425148
256961
209189
10201
200727
676678
84332
680319
438695
212716
3638
767479
38981
4564
803104
62213
37786
517982
225886
462919
508
460668
10634
970728
1184827
10591
10330
22897
41630
457915
858
107
1831
434596
492826
628446
287
575941
455980
613339
889846
325189
4723
39180
394741
416494
8363
37686
521007
11918
657644
9353
226486
226486
194062
526019
535437
523172
345922
214756
177888
72105
63578
3082
505618
39414
2179
293970
774133
647809
329615
12912
464586
746957
4257
562490
310
538604
492190
620897
9595
9595
441384
9506
9506
608654
27621
9591
804413
238215
716978
25676
817648
566927
474335
670219
4256
587807
4247
20829
322994
780154
356305
4248
9576
8491
8494
4258
593066
1621
1180799
793155
893907
6283
859585
893907
12154
90
96
306
525946
938166
16094
892494
802119
11630
873256
400579
41733
893338
340402
592798
302699
483558
195589
818502
19803
680860
9600
484718
641483
484247
752651
257211
149235
929340
10172
18360
1593
847155
514466
181533
642124
407806
763873
927085
884569
732310
417870
797245
12763
325133
11565
934861
409317
979522
227138
787723
515195
868713
890825
549559
625342
609419
544486
540750
824865
796382
454291
390590
669525
195445
455008
552741
896633
638200
1011802
771439
1068539
411009
331781
726649
481809
612074
600700
10140
653574
753230
312221
522320
256959
776553
657310
684700
1038364
385805
743601
838945
958954
748223
466485
799555
866127
300605
899082
243460
594676
818717
716419
5780
334616
950445
734169
536841
765613
1162322
321769
945882
691179
837780
566221
1145974
616661
1005331
816836
624417
21868
293262
116306
574674
726197
788610
950511
586245
507618
476275
801528
472424
739246
612654
599379
670303
515042
676831
977177
184547
422469
45318
565716
816518
861604
1020191
694059
523244
417483
1030580
689249
653567
46689
720748
903629
1014711
899218
841674
566230
139432
1027657
653735
186783
538161
866529
763119
774054
392553
819062
423303
858385
703036
386038
616081
565955
228611
860239
700120
883014
765188
820609
694043
418693
946327
647253
557800
656690
1076364
505205
540136
923632
13187
415086
800394
791074
265297
22970
1221157
935912
420328
1028231
836872
74181
810209
888917
745887
753583
576017
555530
689244
743439
632602
751545
810731
701419
778870
237523
566222
525460
1017757
726887
861750
712214
797784
850329
753325
682110
430826
913862
966310
966307
1143183
878376
855823
828146
741227
554071
680639
58496
540932
489994
825647
786695
410718
698499
585530
661914
1109008
862162
857729
742964
777797
376426
512186
44639
782973
881198
842184
833654
502166
44639
809208
114702
436401
631344
489988
801709
432602
1594
857497
565312
263614
360029
653747
976573
873
879805
9804
534262
835561
433085
742241
318044
674419
25264
74723
892976
892976
634649
802194
1103825
943001
802194
943001
835561
1103825
508642
520763
821499
216015
892976
341174
9932
799583
799583
337167
211052
220289
417643
519182
807132
853157
1142414
853157
1142414
807132
1311550
1308757
1064178
10985
18444
101419
11471
938614
41244
979
63197
136835
932086
70074
666750
324857
429617
8840
299537
42533
10473
283995
118340
558
557
1726
299534
559
315635
1724
24428
363088
10195
102899
102382
246655
1930
76338
974635
354912
354912
335983
284053
118340
580489
1032823
99861
299536
497698
263115
36658
774752
36668
774752
76170
533550
49538
2080
2309
28355
726684
227973
413644
263109
10198
9975
846214
382563
422803
763568
420817
9906
55301
258509
49684
56672
13676
10693
14492
630656
20756
11238
11704
15969
22586
23398
9444
432383
129533
354857
19026
411221
377897
168903
23566
116149
285733
17578
59387
13283
121734
434757
15016
9369
129533
255718
415749
44874
316322
250480
34134
91342
8965
73456
1155533
355111
175574
16873
19594
485942
21683
11135
736074
11319
13699
440353
13053
529426
920
21705
499701
14830
274854
12144
19004
378236
49013
14836
257512
417859
16508
326215
12222
579110
466876
29918
338103
16774
11970
304941
172391
459788
506734
491633
690369
9325
278927
10674
618344
323027
427515
10555
579524
393559
8871
14873
382581
227783
164372
362058
611139
335360
15512
523777
10386
79443
382517
792206
51349
459151
10996
260513
12233
552095
552095
375107
522478
15789
22643
586742
72197
13761
322487
550373
9928
410113
297270
13179
22620
587807
874300
301528
482321
76826
533715
14160
4413
411840
15947
443020
7450
13757
19042
1232289
199753
955916
848187
1221388
1212073
863
213121
843617
1231953
10193
931642
1168709
1090874
862
969492
484510
51137
673593
550445
636706
802219
763215
9408
1072342
1094556
10681
712454
14175
634492
931642
260535
866398
441130
779611
306947
933131
932420
1139566
976584
1019420
1051023
1007826
714669
1014590
1213997
1039882
752651
1217409
1226841
1022690
1238127
1105868
854881
1056437
1140648
993784
1217343
841742
1209095
986175
784651
1125311
1125311
1125311
967847
1011985
1248795
1109940
1171861
1227816
693134
977331
1214314
1155089
1251636
1249333
798612
1236736
1181548
1039659
1106049
857655
984324
1229940
1252989
1186227
1239251
1247793
934632
1232553
1118033
836972
1257130
854887
1246030
1029654
1214516
790462
1170824
1230147
1059345
1127166
1224953
1163029
1220290
1083658
1241279
1136512
1191665
1122715
938614
1032372
743091
359410
1096197
1011985
1011985
1260916
843527
1019317
823464
758679
1123050
1242384
1267729
1182297
1154223
1259919
1254647
1264694
1017633
1261924
1005681
1279863
1273606
1216512
850888
869597
1214573
1209288
1041613
1105407
1262684
1175785
1148713
1026436
1238400
1111873
849509
844185
823482
618588
437342
695562
1115395
1263766
882059
719221
957304
1008437
1181237
454699
1156966
1136897
1155605
1257750
667538
929590
900409
1255030
974036
1283655
574451
1266701
666035
1019411
567811
1084572
1105445
1073087
1109778
714675
1049574
666277
1220715
937287
1025463
1001311
1210096
820525
639720
1108354
829402
1086747
1010600
614933
1034751
280180
1004284
1216299
704673
675009
1093231
895959
1168407
1291559
1170000
1191610
1253462
560016
748783
1058617
1039773
1258526
1045931
1019952
987686
1187619
1242387
1061990
799583
1171099
1294017
1039868
974262
1010600
1041613
1280042
1174618
1184420
1279717
461992
1308757
1214558
1311550
1064178
641934
974635
1270679
1294849
1290627
1269953
1187762
1290938
1171462
634296
1304206
1230550
832262
1175156
718821
484641
1229349
1178069
948549
1127108
714567
646683
831815
1227136
718821
1227136
1159477
1032795
244267
1159477
1159477
1022789
1002088
314127
22796
1633
302156
5001
1266321
1129598
1059064
81796
132344
365177
1072693
1008409
1008409
26466
9509
644
298667
813
2665
762975
354556
1103632
704239
704239
25753
10823
25749
25752
672647
25750
70575
25748
566525
75612
1103632
1214521
726139
1111869
640146
755566
804150
1226578
1275790
671679
1116490
27996
3050
1029955
429351
1174614
1029330
10200
818721
10808
530915
511619
17111
1244009
646071
556509
633515
545957
304357
545957
1116490
741011
158921
796989
35138
43676
647498
294935
10592
97630
76349
419709
567566
53182
480465
662876
300671
319337
484638
1241320
19644
3683
426284
369885
9075
339987
505011
253020
647063
96231
15267
15873
324786
517093
16869
215935
215935
384581
976906
496916
50618
57212
826
332270
1966
579831
752589
16113
11658
484936
9476
8741
433082
581
38018
683421
595108
374720
41411
726876
4421
889227
399790
12100
100402
479520
13834
966220
15192
526234
17360
61346
228150
14808
382542
2016
810413
517093
463274
968374
346684
340945
347629
78215
489245
653851
551289
391773
556018
72976
855
452557
283708
9567
225728
8996
430727
550519
1214266
516486
776776
550519
239318
354287
646106
379926
12162
49046
56481
600
752592
435577
666180
497916
9093
383001
227306
10015
679796
244506
303858
610349
14574
2024
506863
348811
857
25405
1003871
506863
616
13752
12651
119283
676
10142
13507
334074
818415
94047
58767
8738
79777
256917
256917
405775
383585
383585
458131
298026
274857
619930
1247
96944
334517
471317
575842
467952
597859
238615
363841
193756
77221
25
508935
755529
82206
294690
59108
442064
542444
508664
639514
335578
316042
347382
110719
792
531876
294690
305943
475132
133558
403300
190859
440626
451184
440626
635744
635744
625221
513343
9762
8328
41233
85446
243683
11101
255692
8988
710356
64678
727745
505954
12410
617499
554022
13813
215814
271674
5689
127560
256969
185567
118430
529250
529250
717637
535810
624808
550649
35690
331482
521029
2044
283552
2259
521190
576002
527641
953233
222935
843840
417261
1139640
623195
58443
631278
556803
785533
713801
643882
744929
613504
806643
448763
132344
520172
744275
619154
628333
554908
619154
77908
733277
627456
860267
1016121
644090
392135
50544
445126
1002370
306745
19114
795
22947
11224
553608
216015
216015
337167
80
525454
286554
15775
553592
810223
312034
428586
16270
496967
43787
4380
14553
86835
576920
295151
664031
25195
290512
7520
37056
607549
296096
10677
138697
4952
6435
767350
34016
188538
362886
448447
508101
585244
365240
427045
13888
4347
601701
14578
462355
396395
505720
604554
11036
529377
1921
542602
4148
4148
744937
586653
741110
251
453217
302036
621
493511
516846
656159
430161
550017
1032124
398174
283378
943397
137
1057648
776909
769749
515911
441728
441728
785539
570193
1587
785537
14533
491473
513576
627471
627471
819415
658760
24803
332872
820625
408873
23169
610290
1413
790523
722913
696
626285
434714
583833
435107
14365
477510
82654
586791
32331
398818
785544
458947
1496
758336
764104
643286
853540
550024
543540
630916
550023
746048
627466
550035
16849
4806
1957
11472
326694
869617
744936
744936
70868
602609
182981
458302
11355
602609
652722
14202
550231
584288
627482
126186
426167
14202
477084
223485
795813
11982
437517
514921
555850
82693
746032
746032
508791
686142
627475
508791
587693
565426
384677
631420
483104
242042
746040
473019
258283
342470
342470
6023
288899
428836
381615
9413
505723
81836
537739
536743
668780
537739
744941
744941
632322
614409
450489
87439
656563
429189
13994
375867
437515
892342
209249
10192
632322
1257130
737802
531836
613868
9715
592041
567452
746051
746051
75653
665894
291328
531438
505379
454
29996
24420
651170
812056
484355
730154
667682
667682
730154
9767
22784
288436
734280
22915
9058
457859
570503
1174517
486269
514222
419478
884299
9716
737763
11812
523561
901454
1087914
8676
10229
9079
912283
737763
865962
746061
16562
447034
474972
483558
758879
114
654344
14872
503616
435107
10024
810873
15088
51828
729348
506281
635012
746060
299574
11076
299584
626313
630924
509
737795
240069
112949
600479
1394439
600479
840326
611207
498208
1006973
559337
16643
243636
733032
1903
540023
540023
612315
509585
503417
36093
483980
673121
67612
12572
1098110
575769
575769
1892
746180
49730
946703
505177
615774
300669
312831
945657
796989
916605
482373
11
1891
598215
63311
810693
985939
746339
416772
808090
3580
352173
259879
1203905
385332
725303
627290
7183
850028
552317
477036
36419
13902
763285
999205
483353
13489
461337
59120
750599
12403
539537
363126
553882
298312
495776
746135
786193
682583
572885
823803
9033
9989
581531
204922
854359
1093396
13483
402771
601844
869720
429555
429200
663892
494858
86703
23827
41436
28355
72571
82990
603119
227348
839065
146301
633524
609972
1068625
423377
571603
740952
13027
9741
516027
335984
692969
713711
694327
1066205
276902
436765
769636
844398
328820
808962
196024
254201
659940
960646
410876
568964
628707
19940
488059
734282
851870
552938
567733
749552
183662
879538
1028589
655311
594089
1111440
38407
468339
776720
760926
497223
942647
522406
673304
770428
737666
805298
411632
703134
540548
777620
774714
666139
353979
585216
529210
817451
602147
888195
790226
534011
633802
560412
628704
831946
533274
441282
549514
773975
12767
412105
503517
591222
717634
874355
413052
41505
673228
502416
67737
686489
661067
374617
693113
375366
781099
747765
821420
469894
655917
960875
291613
505026
10427
322766
105516
10909
401561
73567
489243
639557
256347
921353
595149
594626
799363
1027254
799876
420648
570661
302946
948333
150229
591
9605
733989
437375
49517
379149
179826
944865
12201
493522
35683
762895
681580
70035
216282
136835
576845
1217215
527534
735129
306947
683784
613093
447704
55955
241251
392207
522927
255157
181886
766220
371046
518772
464877
399366
926967
228611
695282
594631
15052
1142624
446865
619264
290751
575923
416166
603475
10052
629
546505
801271
852448
648371
697809
530451
162903
242095
76012
638045
13279
449756
161
645710
236735
269714
80299
670
792657
1081055
241261
602654
791135
9315
401313
72784
617264
339527
707011
567797
670439
339692
619803
75638
227719
352978
680028
107
546116
574376
694938
207933
308017
493675
241257
280002
653584
11081
457799
892976
395834
395834
313922
283327
288269
294652
689782
11478
13390
1044006
458109
8090
788388
530382
509635
941959
592493
333357
294793
350863
522466
205749
10871
795230
331583
354912
15912
624481
562566
818721
446354
1965
938728
880557
993621
629015
866267
1043565
864101
411088
987919
240916
240916
299687
617921
10020
10020
2268
30618
329865
799546
514547
1433
934957
13200
252
511436
82657
311324
171274
588228
34584
34636
27793
539537
700179
734624
8698
448916
428045
203833
13836
937949
62
428045
564
564
1735
786302
646593
762433
11359
429471
262504
262500
528085
14161
484436
554311
644
9348
575094
570564
9711
419704
8202
10216
15212
420817
395814
527400
200085
353491
338952
582607
693158
293863
27205
528356
565743
411
2135
25132
438590
388440
315837
539892
374919
451877
452019
241259
348
834
346672
52520
335984
12437
396806
411
1498
461130
2395
514207
19995
45612
25642
142061
78
39538
287424
431
268896
165
196
17654
157350
329996
987483
634244
6950
456048
429415
264660
594718
929
373571
124905
257445
1487
928
72190
74
13204
611698
681887
44943
131631
135397
174
451048
331
135397
330
254
845222
240832
10019
345940
624860
754976
603
870404
3591
479455
35019
406759
11283
458576
664767
724495
68728
581389
538227
57158
10052
4922
10214
106
179826
122917
869
696806
206487
606234
477489
68728
1036312
68737
1035573
286217
10601
122
121
2978
354556
471498
450487
34851
487083
645998
694938
227719
70981
9543
452015
166424
760873
760873
285
330459
629176
464334
871
1705
61791
119450
454626
734858
305470
9070
306264
11
1891
140607
181808
181812
597233
34204
37686
521007
560144
187462
43956
271404
616037
8831
32643
1858
38356
91314
335988
8373
621870
2675
426865
549294
754272
1020969
7980
284674
448095
42684
866319
334298
339964
240483
530382
49524
10357
915311
1893
1894
1895
36657
10048
6795
1272
274855
666243
520203
636971
847
452910
597890
1052946
10606
407451
6499
158852
856
587806
97
583081
678585
9360
620014
436274
619803
675319
14863
505177
19543
326
9792
11237
9793
637649
165864
553928
13555
127521
763820
42289
7340
509585
365651
608260
1204836
229182
29756
718762
845643
661791
301325
623491
160070
1090
3021
226179
4513
571473
754219
42941
849369
258086
759213
449664
7295
865371
11595
2176
440597
916283
243568
9599
405551
575088
310131
2667
11531
605804
397243
157845
415633
20919
580944
564082
57784
322518
725303
290098
476299
234212
802777
309889
15392
672582
29427
410118
1433
89484
2758
560057
10066
37233
207686
363689
2100
439079
278
552317
517116
728656
978928
10925
33273
123359
617708
55248
9913
872144
564898
438734
201085
340837
358962
363579
570564
82507
494974
299245
505060
24939
59300
695958
6947
579872
32043
18405
572885
287904
21208
298312
298312
746817
282448
590575
258193
589594
9392
34480
72331
98948
631947
310133
408543
1082063
226672
500904
10586
477036
791570
13489
59120
717634
658199
794
11087
354859
315623
11979
70386
821427
297608
842169
442249
63311
67314
376311
84228
78555
378112
312831
312831
224908
516850
616885
801583
4614
745881
43931
327315
24925
517603
95667
475603
529962
796989
427427
550201
843314
661930
65086
791
416234
504631
483353
97630
7341
555252
193612
566011
159211
503346
503346
140174
401065
540291
575361
2668
481375
685014
512196
288158
183327
8398
440021
109428
65599
534271
408149
608994
637620
452571
50671
179
259695
13312
280000
48624
257527
805350
787000
18086
670615
682583
575604
918842
466565
149509
11797
140441
11092
116979
241204
684860
599975
599025
54138
1149778
374464
776047
340666
11090
13788
13448
250546
396422
521029
10226
796014
707079
400710
12142
10012
685051
338676
505058
623520
663657
38199
578701
345931
132099
197624
416682
1032823
402771
376290
123103
77
152748
650743
831410
653615
483987
795633
581531
418078
639247
396806
15495
75735
146238
214256
476968
835786
16871
317903
57876
444490
643579
40127
452895
23827
41436
72571
82990
393857
13122
49126
104755
695323
413857
35552
499782
448432
550678
497327
494858
720026
256274
489430
166271
201022
380124
416144
845349
848519
692969
805320
45657
420634
451964
256274
709070
436765
647302
543917
492002
626743
254126
69217
560362
1083235
536869
28859
351901
591789
637534
541099
321258
686003
491459
716258
351211
605540
259586
8769
452832
171424
567738
441926
7342
14125
133805
567609
257093
44214
508664
853588
220289
405882
870671
359573
568964
639477
854765
8913
178
157433
10906
854765
55723
156981
734282
344593
736790
9741
419430
459667
459667
711715
711715
480100
146223
632618
632618
4105
388243
552938
24001
533985
2666
728054
715239
10375
504255
505423
715239
504255
749552
561
594089
596161
917990
1047065
548170
1110586
461992
741592
1106049
713479
438
710717
139488
34750
522444
853157
597856
10063
10836
10766
506574
340601
430598
752628
370234
423367
244316
13564
554175
737666
357096
506574
837389
448358
501170
501170
695350
532645
691100
33521
783658
1954
14620
401272
522406
341006
866718
666265
703134
602198
770428
39874
666139
8408
14435
13250
1111440
467660
497223
13803
480434
673304
548859
14510
333318
10383
810657
768
17111
17111
9533
480434
16258
124470
483202
3602
11197
890244
714375
522681
522681
761332
551289
37973
37973
1006812
533274
533274
621151
878508
77495
4147
672489
635772
586044
360784
437626
470897
127752
394830
3600
546121
3597
279988
86305
15900
927
86305
656793
72190
76487
449811
424139
11281
1030613
111443
522892
381288
1015936
449684
615289
567409
522892
534072
100241
673228
11324
11324
747765
210577
22551
787752
568091
617
63360
14001
500916
402
705054
600751
435097
569367
376570
867
604280
801691
942668
27498
417384
436387
493922
429417
799668
853867
343674
343674
208763
605373
60304
763368
2251
123362
696822
3093
679901
583755
551726
30402
734372
835551
726897
17809
722149
651906
541876
502416
259693
567
339547
752564
396535
138843
474350
721625
59
799878
1382047
476929
549724
590995
597900
375366
514501
794960
722780
536554
689723
781099
54133
924
924
42968
547681
428882
493066
542224
595149
22681
436549
41759
300665
407531
9091
515908
392058
653643
9541
532671
672437
846778
10256
690248
43552
588629
901845
35759
53999
530385
140652
551369
18573
359245
377264
762895
10212
431075
625234
1693
534023
807024
9539
828305
268508
16938
381283
475249
39957
643550
760195
463322
10727
11336
375355
59762
782936
740925
73686
10727
26662
123109
323694
767504
228676
50719
134411
395841
545612
15762
226140
194121
545612
746466
292280
1015261
218043
467405
747327
649099
628866
526051
420648
802226
639798
21711
818621
570661
518240
1690
502167
10729
1691
458723
71670
412467
423733
461774
793002
727325
760522
252151
414018
306947
426375
10320
9669
539549
567748
539549
565
674607
514277
449019
194980
680615
382602
99758
265018
748505
571625
207270
21407
653024
134597
437375
179826
500899
10185
901417
16456
9456
799982
459475
846278
554739
672154
241251
429742
1361882
591
429742
10984
392207
18011
749953
1089951
570670
19288
726217
12476
8643
241848
694
381325
9552
11587
11026
714567
790227
11586
346658
471609
852005
741998
1975
543126
340185
1977
600881
1160018
1255
471609
524213
217786
361777
735129
516632
40231
531145
518502
669770
409137
634336
556509
612882
446865
602545
13548
396004
7978
27346
652004
10351
30497
245627
10781
25018
16337
829294
12594
28635
471507
648371
659715
299551
735595
264644
582913
169219
731740
735253
3025
810271
319350
332285
10973
5876
724901
566556
22970
600184
384521
474279
4553
530451
655080
602518
881764
527261
502033
14913
394645
486684
293452
80184
9030
301846
15262
483096
461714
526007
1053140
370464
670
9793
9793
11351
11351
48171
433808
399057
846259
438396
649524
681711
11588
726527
15058
46221
1644
87516
10779
392681
511827
1547
573106
717728
450766
82695
401981
340102
513268
8922
492611
546505
8922
636879
659986
426814
155084
489064
659986
426814
369300
404961
473902
371608
205891
469721
977866
4722
535581
355193
720018
638045
615115
638943
15527
363844
639466
16763
335796
691812
791135
13474
446101
720937
602654
523371
203665
446101
450487
422229
429476
526295
649087
40341
587792
802443
473330
716703
406994
682825
326441
10866
259074
766008
10306
609
571430
421792
609
421792
10306
49958
525460
493675
1316530
714968
566949
1596
686684
617264
435615
4233
576004
680028
680028
632309
739901
843314
21786
775943
12583
44363
14457
511987
469532
37534
177537
749047
9871
982752
448095
766054
448194
1267173
9682
329981
70578
207933
539
9276
280002
12662
40377
10576
9592
339992
452947
11217
59115
896713
601643
826047
78509
345911
588658
198677
653569
701175
510298
701175
484355
928116
752505
666624
670439
555249
9264
1094974
619803
539181
554636
243940
706005
537138
551910
625221
551608
9841
394661
696070
505063
55547
19066
695569
406563
798060
69945
9782
217787
31655
31655
681019
649401
509635
611468
37865
649401
585830
61012
704269
333357
592493
704269
49018
64639
375012
69276
280092
428449
97370
91586
647504
1255730
224950
52015
653598
10336
457712
466174
410988
467026
28346
786627
11906
13937
215830
426865
411143
279968
28933
762832
396940
673247
548511
749645
25170
844537
588
52634
463684
46503
747
630392
433945
7131
846258
607183
335983
15422
11033
734818
9792
9793
508687
710217
639965
571384
595985
562566
628829
691417
818721
818721
735580
653614
514593
159095
582247
12591
700179
506600
611179
764
834347
762735
34223
854529
571384
808969
460019
338967
10664
80280
475220
450465
484436
414181
429300
577889
522655
969160
398181
332704
707011
726208
362826
719033
19908
803923
754983
632357
153509
9885
27769
524251
789171
1216191
884605
974613
1155058
1032472
957452
1008953
972433
1058616
930600
1008953
1249216
1061240
646097
1249358
1337116
826510
1004292
659384
1072371
1353994
9406
444149
637649
615457
1062807
46256
14704
13805
1062807
666277
9877
437033
12212
12212
9877
674
1079091
1037113
524047
10292
1037113
10292
5825
671
993784
672
313922
313922
1037113
18781
1017333
1079091
25793
616820
82505
188924
10855
893712
38321
893712
1128606
930701
1364637
1013240
456740
493529
1161663
1364637
1360065
1140648
950526
1140648
1013240
1128606
1360065
779015
779015
1364637
779015
150202
111479
101962
283984
390634
144288
255413
325358
118412
28609
665251
242546
39107
347201
614587
604605
15371
505262
592350
25961
47292
10515
50087
315465
16859
568160
50253
507569
88557
39057
303903
227679
494407
882569
882569
882569
882569
882569
882569
1300132
718014
1014661
1125510
1210794
977262
748230
16808
149870
317442
11052
366170
372058
417261
87421
82690
900410
835459
1251687
996347
1160314
1059264
1362685
996727
888768
858414
1359153
900410
1251687
835459
762006
1352821
1281933
1400938
1052280
1267217
1161879
999681
996347
1233243
863873
969701
996727
888768
999681
1359153
1160314
1362670
1114513
877817
1242392
1108566
1052280
1029235
1337309
807339
1400938
969701
1062215
1248753
1108566
754342
1337309
1133923
807339
1248753
1186532
1062215
1007723
1359155
983044
1125953
663712
1042657
1214506
970948
1139095
620025
516604
1119527
1075789
1213742
1315601
1156103
1300156
1278666
1029281
975056
1247242
1086747
852445
970948
9360
461992
1096342
1096342
585083
952022
241843
916053
157847
916405
1270010
1252455
4141
1310259
613126
937249
76494
796
1282138
1151949
1371350
1165466
932086
1306764
834562
585083
5460
834562
18785
45243
109439
227973
361743
9326
31867
702525
37024
846214
906221
1184918
869626
638693
103663
918832
23903
1263513
19556
724495
663712
323661
123025
16869
235046
231001
976734
1331375
976734
231001
1034541
297802
297802
663712
497536
978796
976734
622855
1247458
1331375
1366853
1366853
1047373
814889
1317218
1047020
832964
1362480
1207898
1247458
1200981
10020
1207830
70667
2907
13644
706637
1237219
844636
736554
534038
1000678
812654
869291
4233
16346
644435
929563
615666
46738
662708
13850
605829
989937
989937
573699
96192
1330409
1064835
827931
1064835
882598
84106
1118031
882598
1354124
102949
1297705
1248548
54138
912649
898791
505389
520963
520963
1354124
14836
1118031
505389
188927
174
790690
898791
152
199
200
201
168
157
154
14522
323372
879444
50135
13284
1104171
16962
4523
13680
9982
79218
15511
587562
961323
591275
13400
324670
1035806
1169361
1105014
1080512
915403
869291
1262983
1028558
856273
736203
753601
42949
79711
21793
700066
739123
411802
42313
321528
739123
198277
995803
1372665
1386628
48340
592831
13885
186411
152242
188992
195484
84255
379284
194665
372347
126784
274435
263982
54989
319347
423565
279609
250062
195471
458831
272145
408372
1281693
601059
361895
1199407
337716
1063877
1156212
1000837
1000837
270526
915311
688343
648572
916848
1035798
1369595
800089
1211419
1057856
1167027
682589
1184773
1035798
1008102
156313
1376913
68173
341608
258518
678804
559937
9257
522678
392509
46441
890342
6537
13515
988046
195598
445904
262930
438975
1229901
1244492
114658
1281
82066
1053348
1399914
401847
1129598
1371540
1282960
795230
506281
288558
269475
262934
10340
359212
18269
945937
867
993867
358326
345756
983507
586707
983507
723294
21253
1252457
211512
1051560
56906
1157334
1001783
4858
1371540
1129956
226948
1051560
284427
962431
197823
949423
581392
338953
338953
949423
790462
1037035
790462
95524
1106052
850025
949423
974950
1214266
438689
1144911
974188
1232732
588648
851972
993733
1054866
6278
810214
945805
771
9714
134375
5549
97020
5550
5548
413846
1078959
9480
1035048
844075
939514
258230
805051
1241982
615656
615656
1006462
461108
10735
84060
580
579
960258
534072
17692
431075
615656
960258
726209
542476
257450
502639
578
803114
460218
22164
626332
274854
9781
14191
26441
342927
254193
620883
40383
9293
957452
109689
727306
526896
14405
713704
54540
803114
12096
1068141
152742
704239
1100782
1098088
1063877
15159
971606
945961
1154223
1214484
1326059
40934
1100782
434368
1290486
660262
13380
807979
8054
827931
667143
1160018
999890
533535
972614
897992
889737
1169361
297
954388
1696
1146577
11836
1088812
1032823
972614
698687
17263
1160018
1368683
1159799
1207898
723294
13285
931940
1087822
999890
105965
999890
1063549
1109946
869291
1230085
790462
1388676
1255350
947763
947763
733864
1016767
913001
997162
1254738
1012201
836972
1378329
1072551
1091181
1283214
944194
1114738
1082063
480623
1184889
1097870
616446
1280440
1252457
1255350
598387
1244880
1118224
1012148
1317887
1365044
1054561
645757
826510
938614
856273
1093995
995749
1216268
1237835
883011
1075676
1172648
959429
1281826
1008795
1118028
1027253
858017
1319966
1230393
1279955
46738
1252470
1027073
1324276
782718
811941
1170657
22164
1096804
1280768
1206617
989730
628922
1048241
1010581
1010581
26444
1180629
1180634
1163186
522924
1201683
1223272
372173
190899
1127963
248244
18533
25059
195164
283164
1245708
46221
1158874
37169
74997
476669
426426
94365
1341685
782
13971
613200
35188
207270
39016
23945
346709
1125839
103663
1643
615904
1039773
933202
1001865
345
54445
862855
440697
75024
194660
242224
124155
579974
93562
1138194
376888
265821
350312
825808
823491
1158915
1030660
1291143
814889
481302
264736
1149920
1030627
1126357
1030987
1306203
1232943
1143128
1029281
1038263
1169368
1081593
879412
1231574
1144911
1158874
1014209
972619
1245708
1234783
1227624
1309923
863924
1180702
1182047
1139829
1143019
1255028
1203236
953713
1226840
975773
1298238
569094
1084514
241257
1298039
1250786
603531
1057006
970347
1294359
1051891
739547
1115009
1094062
1387866
1324987
1239083
831395
719030
29756
1175038
1279433
1229349
732684
589594
635996
26505
972119
1103621
18405
823219
322518
1252467
1365787
1101256
469867
18502
1272890
340837
1230477
1232493
505060
1405170
1391524
606625
706857
140441
790
160328
672761
880841
126889
505552
128862
36419
10845
982317
480414
547565
92182
688966
78383
767499
283445
443791
37196
445773
758510
655977
814827
1005772
29426
24913
565028
879329
532635
8077
676547
463136
724885
484907
794
33278
524789
5844
669671
503706
663892
846284
586265
396508
203835
662844
9426
11980
457955
776490
18405
497319
649918
13009
539537
772973
6488
1008005
50357
419706
555974
282813
10585
33686
10768
509412
591459
434555
405774
858064
17577
707214
672741
10929
675799
681986
1145291
2637
33016
806787
765869
753926
36086
18435
10206
760883
531309
814800
547131
449535
650019
425972
14211
433989
436775
957445
675531
329020
1161048
168098
521876
635
539364
715658
901418
41402
458737
842891
810657
447383
830788
12110
560391
10577
85133
785759
11601
669217
83705
923603
756681
331086
15749
838484
516329
548392
457943
8766
36911
15904
836225
455108
758679
55341
25834
170
157544
608195
1562
680829
633802
951491
926980
319188
673168
521531
477462
551804
508642
749727
17166
592660
385928
661950
829410
203834
780609
723072
820511
298250
622420
1027385
595216
880004
833339
8869
419548
501495
539549
864370
49763
621462
132232
670426
18238
9544
41215
590164
763149
56906
480105
469950
662561
625814
30497
11096
1024773
117251
805
324464
46146
57018
544986
698320
389849
746339
44040
404584
10145
8413
1091
86597
812488
1023086
355193
510550
76617
632727
741613
1032950
597722
462036
26642
4232
137536
617786
406112
439015
467012
9966
257450
438736
20441
10665
645856
800410
463022
242512
1933
295011
26688
614959
403964
13555
368031
19898
503125
11217
670429
463602
8555
1992
11133
460458
416572
793967
8973
1817
15440
872296
762079
56937
4283
41275
9904
585604
45964
829358
600836
383442
42250
1129932
377037
9938
646542
333371
13885
535488
13954
552390
591273
591274
480410
631583
895001
221437
871964
931367
500535
10336
715203
480603
37707
672582
10307
717942
10384
457712
463843
361292
532814
15641
10294
512025
541560
541560
786300
49060
779202
11683
86328
899445
375542
1008392
501928
12238
554100
760919
716703
943930
760104
4954
9796
765
196798
766
1156593
506528
768334
84348
811061
211052
800497
980078
883083
29631
1005776
16608
267806
83899
587496
733156
643586
409297
332567
717192
1027014
5968
842050
243938
1182387
109167
111
929170
23048
589985
577990
417644
62592
10783
583
63574
496
273477
212778
21873
10152
9820
18331
243463
2612
255547
257177
580001
7211
463053
50014
276839
6393
22826
10021
10032
12107
57431
20178
19824
49057
532620
11824
11130
15582
22907
19458
934297
833428
10960
11860
360365
291870
9896
81250
326423
871530
23303
605886
424
9622
84748
38322
655977
268702
37817
38357
9726
1403775
22683
1180702
762509
759175
587807
339419
207883
316727
630220
277558
19114
122372
22825
1216191
496743
602223
226
547016
69798
1118046
1107260
587807
69798
547016
17445
580944
1096634
634210
1253971
65291
14337
13493
403510
764835
587563
832502
43956
779816
68735
42246
134623
1102493
1018403
594399
24696
1390010
728949
1010161
1219576
1106194
1004555
1535
1274686
1214509
1355755
933090
1117321
1295174
616747
10756
1229346
1179283
1286767
1246942
1248779
1200801
912974
1261250
508947
338970
1374428
423108
1155058
204889
1230407
1078374
1064213
1154304
1043905
1229346
1407968
1300161
1023922
998846
933090
204814
929204
635302
1389038
402431
501960
529203
638566
12689
1064028
577922
237160
1322982
11170
1214488
659711
1106213
1150331
58770
1032377
1042650
3432
466469
784642
13377
762951
537915
1017163
1190836
254476
619803
474350
1387198
52051
848538
438148
10908
955555
435707
522162
1017163
1036921
4909
81889
76319
1358844
1414275
1411287
580988
1250629
1270339
1142615
9986
1074262
1160734
805760
97481
284915
403107
1239121
353343
15171
336673
811703
1033357
933547
1023086
1023086
655437
1036619
1182047
10995
844416
1180634
852247
925615
1064450
609681
1021921
551806
635897
1262124
993710
1214509
603692
1324640
1158986
1073337
913290
774473
1388694
22643
893723
1359227
1008042
1388694
8740
1130763
446894
33909
845387
929453
1262009
1262009
1196470
25196
33909
614930
985335
554979
555801
555801
985335
554979
975056
1175147
617784
799379
676627
9969
1029042
315992
59859
23483
1047708
1146972
507241
928118
1114894
536554
1114894
1185719
1249289
1185719
1035048
29917
262841
15165
1094062
1232827
375846
770254
850439
1276035
1151244
81481
254320
1018990
228184
1097549
996821
2059
800513
740952
986210
1249160
489493
604685
869626
1300607
497698
345925
255157
111224
845659
845659
438579
255157
9405
965244
1097549
82507
298312
996821
9323
334376
647245
212168
279254
505642
196750
9405
877703
636279
18839
240341
500006
682666
11299
330081
10045
492999
798286
1046529
1046529
1036312
1087388
379088
11892
463870
695089
710295
926670
796353
1082195
269437
1425653
598252
1386628
978008
449443
1212142
539972
1337997
51540
1089789
1096022
227159
1084376
1247019
1236419
1084863
970450
926670
708510
1029918
933092
1335778
1256532
1303087
1203329
823636
1250538
866124
912480
1225977
823636
1203329
1262716
1361622
1325482
14423
42533
943919
776781
1012148
1027261
1225977
1252377
1252377
1128515
1294203
1005854
1215162
1091923
1000569
1294203
10315
1220515
1027604
1181578
1009116
945937
18500
921636
1070535
549509
1053996
1000569
788024
1167351
762509
793156
1016346
1045862
677157
1081679
1019952
938508
1128515
1027604
925488
1247019
1086867
1095340
1058078
1433947
864168
475094
1433947
1432614
522478
785542
893656
17927
1431120
1431120
426063
426063
426063
1099413
1099413
1134433
853
473165
166428
536176
1134433
593341
710295
680295
1176878
1073
1123278
1026377
1278263
8914
1170944
1028196
1170944
1170944
597922
703745
597922
1217379
492336
597922
549509
1410082
758323
1365712
1009679
978796
222461
480530
1387957
678585
1410082
1387957
1005854
820912
1013850
842927
1421552
402431
174797
380565
241765
1434053
1434053
1426038
1434126
662237
1426674
1122932
12180
1041390
628914
177271
1422877
494858
16620
1142101
710295
974576
1405338
1426674
1410082
978796
1028196
1028196
1405338
967561
1318917
359784
1426142
978796
1426674
1142101
10771
442617
752623
752623
9849
1084199
274854
1426142
1405338
1230208
1230208
455411
1230208
11497
826029
318924
14127
681349
9651
18480
955644
997791
10426
1299430
926889
8996
895539
947049
1289601
611014
1064213
604685
1101448
1117027
611854
992940
1174029
1187417
1108958
592128
1038263
639103
1262684
894169
75024
1120911
1032666
1030983
308715
615173
615173
67660
1302916
1204892
1064801
627114
71685
1211472
256285
6964
1426408
1425816
6972
15698
1356039
1113278