68421
139348
240022
70785
72844
4500
74278
82529
2171
1274
1620
62858
2458
40293
70523
86850
74802
1405
62643
1408
1705
1668
83247
2692
1415
60708
72752
71715
1417
73467
1639
32798
1425
39351
97927
61418
84104
38472
47450
60866
61427
61550
73411
63174
73117
67466
62285
68716
1403
68202
66857
61859
63351
78183
79242
269
68315
39272
56296
77606
69740
79026
64394
62674
77400
31917
64230
67405
62127
2288
71663
48865
39358
70496
62816
70513
72792
39269
78090
69470
60797
66871
71886
61664
70453
46296
65784
70390
67198
4604
34524
62688
66732
32754
37680
245250
2673
74577
46533
242879
46896
101359
16997
79340
76719
83381
67136
252
39852
18165
71181
10545
80213
4938
60972
66788
65820
153223
44217
1973
46639
71769
64513
1399
39340
87108
258640
80020
75365
88239
83379
72742
89490
79240
77459
81355
68467
74547
66292
72750
69309
67832
87832
201110
89666
72572
81922
88378
85273
85552
46648
81127
70168
62455
87107
81188
90822
89618
90725
85940
90290
77700
89785
91175
64199
80108
12697
72787
43348
70215
99241
17052
85442
89287
136101
76467
90855
64379
3556
77601
96263
66008
79323
76479
82807
105127
274413
124324
79130
81239
91850
61604
77236
75159
90837
5371
90955
80357
82498
84154
91505
70672
83047
82257
89641
67744
270474
75380
79352
77448
74387
69555
91766
76305
63333
71308
93533
78412
85427
69925
93159
71809
60574
85837
67142
86831
65817
91725
87104
93557
91275
62017
92916
19885
89247
86340
82700
94696
64464
93888
93886
71116
86943
93878
95292
89901
92926
68123
83478
95579
63201
78809
95465
94758
240406
93016
95121
70485
93297
93953
81942
78847
117505
1903
79788
77031
76887
93833
94449
65854
94801
95417
93899
87778
95612
61225
94587
81559
85310
92443
95927
121424
96376
95986
96314
67457
74253
86401
63639
62137
95229
46260
31251
98754
64570
96348
4920
81224
93742
81292
95594
83050
97739
96815
95599
54650
81114
97441
158532
75782
1423
95670
86769
33880
1412
84896
80336
82199
84977
254827
67070
72442
61852
79649
93826
30191
75006
67156
73927
1401
97390
98510
60929
97861
74685
67557
1918
89387
68796
1404
96853
4586
4602
85349
78969
96346
91246
98887
99517
62699
62234
68799
90260
98772
99385
99633
31910
314
93490
87763
83300
79240
85703
99864
96676
88408
92137
6298
2328
97428
41731
62852
95339
126120
99620
92891
62433
219826
100429
100417
100043
251599
95969
84534
72597
83870
100023
97405
61662
81180
99356
97539
73059
100698
99610
100901
99509
95259
92807
100052
73602
40858
95
65312
99581
41727
84282
99874
46331
84383
94761
98161
93784
80968
278439
2316
100027
75797
63926
1406
60804
1426
216878
61222
95543
96608
44606
67883
99671
45094
81918
66830
84777
89247
103659
95071
45871
87784
62391
60743
96713
96989
1695
79410
87050
69541
101836
100897
101137
93533
17109
102596
1481
94536
124915
102901
79525
47665
93292
245026
92053
79412
108855
95272
76284
38585
4601
64365
97645
67861
81938
69158
19033
66090
94154
90265
100333
99799
2734
103759
90163
101699
21510
13916
102360
58474
94404
105191
107509
87518
81357
79680
85021
92371
61864
86632
87050
103506
102905
96162
10533
78309
73925
62413
102316
87216
83987
66023
242314
125423
1104
32868
80070
71018
82516
90795
97724
88455
97609
1447
61923
95211
80986
3122
89630
79694
83127
86365
69017
19348
60818
14424
64353
98034
39272
14424
99137
46142
86132
14424
14424
14424
14424
14424
91630
1981
14424
60632
94551
77947
105305
105846
91371
103783
90257
49011
65386
105214
46738
4574
219676
61546
67117
105213
70331
246
93289
83125
101881
103787
60858
73200
50628
81983
18352
36
102434
63454
19769
113625
221112
45871
66185
34415
106525
1809
241362
61330
43016
79095
69513
71391
86588
106359
106173
96488
68126
92824
104743
89905
99335
105489
42789
87399
81987
106513
64367
57092
106530
104669
89092
86906
83251
98494
103849
90766
2038
106238
67175
102281
79033
123426
82816
103425
51078
117307
68003
62649
96462
64166
5917
34639
90319
61671
80341
110472
100074
71951
3750
65063
2553
104068
107451
537
108347
42445
79299
71577
65315
77591
80703
13243
89233
87846
102619
241651
106292
99232
91545
105488
68665
88071
75523
110152
108298
96161
109483
96734
84503
90259
99769
242540
1421
110193
86942
93522
81354
4402
110412
4614
80279
104669
71411
4091
110935
110115
88408
63623
33025
125633
94002
14424
111086
94305
95202
73010
59941
87265
104682
73864
63418
258688
75456
105848
3570
88213
109958
84580
110512
111501
110862
104229
73157
99807
111780
85964
240992
95941
103913
105731
126
71342
88987
74323
105904
100157
85723
16952
79084
4313
87731
97711
5953
39980
82209
111885
111726
2004
60622
111111
83851
87739
1411
83685
105883
94251
76506
87539
77341
44317
17937
1422
73671
86343
61345
112442
111462
111625
62117
99799
58956
94267
133089
59375
114001
64043
89440
62335
44037
70453
111119
39468
105229
88166
111647
100347
87776
110222
94413
113367
64150
64196
113178
110818
113415
73295
20056
111841
64198
91239
119089
71146
93816
12838
31388
113600
65251
81792
115194
114419
74606
203048
93287
1427
116105
71737
91980
102355
115391
91520
69557
103992
86897
83605
72785
102395
115345
115497
63130
114705
86382
100595
93454
1400
74195
33001
84200
76303
69581
216760
87428
3925
116787
70828
116111
668
112152
12281
116986
115970
93705
92500
104819
72748
72744
231100
35279
116989
91875
118585
61175
97173
87310
100771
93736
81091
117656
1145
69480
18652
93808
97513
4626
3934
119759
95324
83015
119337
77947
90705
4588
106159
42272
66282
61463
62142
65766
118241
72039
139529
106707
118876
119831
105881
15260
209303
92053
110344
96580
80230
92045
88396
54155
112162
39483
110948
1639
70897
49157
51704
6263
288
2345
39898
61888
118815
1450
120849
3322
87523
69629
119934
61535
119180
32716
99995
106149
40008
99047
87313
120168
99588
61374
212438
99815
98187
118587
47054
271858
117946
113710
107266
35212
120587
120592
91820
120008
93454
101543
88365
98968
60791
125072
120582
122249
65495
60602
50128
88523
61733
117327
60573
42295
15166
80828
114413
4607
61068
99048
1100
31035
50016
32025
114395
67252
113240
122884
119122
126510
1431
122694
97186
10906
16997
81290
111261
89613
230218
96566
97754
119773
83344
38233
84775
5343
83251
115004
121628
106899
26777
58810
112166
124451
125040
123138
48866
96160
44969
89604
124831
107422
87527
60554
73178
97180
121629
99491
83634
120462
122672
112718
74821
78385
85220
94796
2429
240411
93846
64387
1877
60905
52
7225
135454
34406
101332
99617
69630
120984
96213
39793
34967
51370
124407
91699
116041
9045
124366
61599
94424
66276
86365
93289
111925
2327
2734
2691
1435
82798
1215
214346
103156
384
123084
58823
88987
57553
124561
125350
127041
126451
64432
79525
39379
1908
96488
112111
89763
2913
38974
97609
103157
95839
125027
4658
125629
94924
113246
2290
127389
124630
109373
42878
117648
553
72613
1777
125970
113963
118043
93287
67809
127650
88052
104157
125409
897
111177
110545
82156
100379
113622
4266
111815
125972
88713
6504
127940
119279
128047
97084
128138
128273
2720
2005
124101
28136
127571
110642
108351
117376
67697
1401
94167
93704
1769
96658
116174
33238
129489
4303
115567
4616
2947
86941
9805
110119
31132
89578
127626
6636
90461
6310
1998
83605
127289
37606
120462
15733
127643
214172
1438
3319
113627
33054
100567
211124
4620
133312
1863
1615
135463
154018
126304
103254
2362
118321
1546
5371
4630
126396
13555
76692
100617
128254
128255
47
117682
3611
88236
931
2675
71340
12281
114503
128500
93233
2957
129206
3763
129677
129024
102903
3578
90970
124416
2875
14424
4895
42883
126675
14424
101499
258852
109245
12895
100127
89498
126104
128068
88516
62146
124897
130364
129418
211180
90702
116569
62287
102272
109616
32351
106567
106502
214242
126794
78154
100834
88989
85582
6647
99657
4068
46018
46182
50731
94137
113036
158415
4515
94810
96102
129495
88989
129675
2560
129933
36951
39775
130738
16616
131584
99652
130119
46019
1920
31628
93831
33234
81349
131830
16120
71225
100565
61118
99073
99618
95386
5459
69316
41811
109476
46150
91746
107543
4455
51675
127108
93811
116249
58981
68018
95738
103992
112517
4568
79068
46143
133814
121460
3518
240
120140
130969
104022
102693
4232
129776
132105
4625
82450
124339
1988
132583
128036
126422
127425
132158
93405
648
110818
99310
120452
91980
97400
114478
130523
127865
131808
134678
70672
74316
230
61389
132653
118774
116725
97754
106159
46189
111141
12782
112160
114501
133086
15655
15655
2122
133064
133358
129019
99119
17420
133637
18123
76747
3172
129019
15632
46021
101662
77772
1606
1622
133359
95
4603
1892
1892
90814
205746
134174
133537
100412
128140
111834
106158
99995
102887
104714
133355
99085
102541
117146
129680
129680
119761
4515
118947
110173
318
96715
103023
97525
133304
135908
134367
135385
110356
128883
11818
132141
57736
900
134902
118958
134364
123364
121964
120349
111150
126698
94810
93749
118169
135597
98137
113901
133620
111312
127426
137003
86550
4681
124073
120835
137004
2913
117532
132316
93564
94605
132375
14177
107597
116045
137899
137646
13023
119955
29143
131927
96462
64264
115194
132647
98308
12536
135799
17322
95925
87340
30991
115304
135918
119069
136752
102540
116019
100120
134088
67132
121898
113828
111538
114641
106651
90180
43937
109086
62007
70249
106936
72457
35519
40639
217309
124081
130232
126400
136300
115771
124300
137717
122672
133106
136101
134029
139416
132428
104521
70787
96398
104711
137132
127599
30669
128876
39525
137584
246014
139009
261970
85866
67667
135864
139783
157851
274771
8620
102925
137903
137720
59271
84553
137952
127509
125676
131927
126326
139401
103742
98680
86941
195922
50825
135809
127700
84234
139575
133090
211468
68735
105476
113664
112834
126410
58539
46880
44953
12965
110695
118630
114649
133811
124791
138600
71780
127858
96777
116887
139301
87983
93554
146178
118954
116647
90228
138758
154376
136308
152270
139155
139799
115036
61854
152360
67760
129478
93782
951
127393
154269
137440
125179
11721
134369
46161
122285
100350
14814
119459
111088
96567
81026
104690
8392
130387
116019
85723
10779
66738
12637
104954
63214
153571
123364
103672
124031
64060
86735
154370
121078
116504
78941
131478
116317
127159
112314
90972
74353
65143
153950
135897
90239
110492
103
66620
105
114162
135453
79732
76033
111838
104002
152312
99966
58710
114413
128236
133903
101048
139397
138190
101881
119105
134601
39702
127509
136479
95601
6243
153574
51001
112063
85702
138519
3478
6850
97082
3345
139792
54344
88713
95913
124124
153519
146173
154810
9026
155594
70881
136069
137255
92844
119927
121066
128497
95665
128718
155496
154117
4229
64011
156746
2604
67752
113256
31631
118821
156059
96734
155714
154861
146109
160
106755
61511
109470
2589
280976
156397
157429
158779
157285
112833
155099
129475
130663
155094
157219
154910
98101
156595
102192
93963
156441
99002
194878
152483
39272
95396
21506
156135
41815
219971
86189
39491
76004
134581
61915
72705
158233
157361
157514
124902
158634
114925
155493
131719
41731
72351
157726
120909
158913
158646
158396
80350
107701
126477
158648
137650
52814
20153
127785
158764
137520
60108
128071
128067
104712
108683
32815
120932
158787
136738
65708
95544
118906
46122
117821
81464
92749
158809
129642
169590
111442
155645
123403
114564
110382
130048
14424
130842
108268
112169
194682
117505
128591
105306
157059
127161
195925
127942
154359
197530
103787
64339
80825
156866
113985
138955
71171
113566
104127
126525
137569
137571
126528
126526
126531
156407
118303
195258
215875
137570
112613
102878
99085
123378
152451
136745
123249
135529
2568
258154
158155
117731
113984
102220
90296
35212
197248
24211
123186
129501
247096
120142
195099
228272
114068
97293
99070
118357
219971
195928
122486
117732
105521
111747
106388
158320
195927
117880
102088
157008
196832
237313
198200
200982
135386
131028
137527
197190
197428
152511
197427
135022
108171
122196
197679
196556
119060
119335
117884
1551
126301
4788
111894
125474
96722
128015
156812
9929
202844
66203
93825
197107
251858
71979
70128
92579
196768
90293
98734
79886
7537
126118
131404
123854
200700
153263
197549
125714
125949
1765
133979
201320
92830
104699
4334
210141
202065
131431
108544
199311
99858
118663
86163
65294
107407
202311
157203
201710
115915
77341
127943
115626
111743
121693
111616
74916
92782
134955
200861
114201
122053
201838
39775
15277
1916
202886
139686
204418
201028
202429
27015
81322
113987
201105
133784
127716
204966
60705
95731
67419
120911
198146
99598
204416
197588
82
138931
129565
61871
154887
1996
231100
130950
122066
121787
124152
155537
202709
158947
132188
115953
130656
103877
130388
201331
204852
4929
135156
90999
127856
41731
43982
71172
121009
48892
63590
67084
128095
115521
88384
4500
202864
203822
122648
204302
204129
9867
108296
120155
195754
82204
40919
124900
42995
139001
205426
135840
123925
205434
83207
157261
122287
195815
124363
128641
204774
158615
116957
202880
100975
205441
61720
46020
157485
128095
122048
203687
135134
115694
35551
11167
62556
42066
196511
205788
201380
106431
208564
195822
60888
58450
207320
196907
2777
97469
198085
158138
107119
34841
103302
127424
208709
133733
203502
102638
106734
129612
197494
116367
232125
206492
206929
109804
226529
158698
82895
205793
135450
135035
201124
110170
206910
206232
206010
128076
204284
114138
156935
119945
206075
132159
134967
10942
194606
71738
123525
107005
107114
119209
62704
132171
75219
71915
42009
44006
60059
52918
62650
1416
61056
3769
58841
14929
71340
71446
73375
8358
62126
67116
71887
67133
61889
66190
67135
67178
69478
71967
62560
80046
5920
1424
896
76954
73010
66676
63210
71789
75758
76773
90555
1409
74016
1622
47640
45140
39351
1398
4429
60948
4087
50481
63247
237478
86799
68603
90111
89899
80748
87407
85487
3560
12971
216619
78074
79863
92097
64122
271702
70437
61239
91348
70573
79588
85586
89171
76331
67392
66147
79588
94281
90027
68507
66573
83245
64311
82856
79611
95661
88055
67683
85385
46928
99125
85949
64752
80054
94951
99103
90811
86423
87083
94372
100895
66980
103411
100883
83936
4177
98198
63646
80335
86654
85922
101097
104108
71731
49009
94923
32406
105288
87017
98628
87689
94423
4629
77169
136076
97546
79086
73586
96102
60572
82596
1436
81747
17610
132752
112468
97890
85021
82001
110344
257081
110316
115857
116250
127365
43901
99896
97175
84112
110529
85937
99530
117581
2734
89393
79618
86430
92875
1835
64155
100049
75379
119565
67384
96716
117023
85720
100226
105971
114695
93716
103157
71728
91552
103768
98177
114868
71578
118102
114547
102904
93290
127617
95057
126280
124394
128251
129936
98892
1395
100444
100757
125910
111803
2190
69555
82
111474
104359
129674
80986
113627
127821
62320
130795
99121
130372
100010
96659
130688
130077
636
112077
101591
133357
2426
61865
44242
123381
133089
109330
93221
86848
133624
1396
133356
96580
133153
97727
42883
3772
67265
1418
125991
5687
137940
106158
71645
95215
114892
133727
138089
91977
114992
101872
134373
111576
124920
133439
105634
137126
3137
66614
118512
111500
121658
117488
136998
118956
156077
129637
135934
103786
118958
155545
156253
8627
106308
115639
154535
132009
106393
67743
124010
116135
124271
39775
94252
157717
125282
82428
195407
112945
125935
158296
125438
123349
195292
128010
158916
195926
115911
211
107365
95171
197429
107013
104999
197165
153723
158139
201477
156507
158051
32709
136739
201659
2228
112836
133808
127635
33765
130381
206187
154647
110531
39957
154160
130385
68975
4459
46949
127641
90802
94997
94997
108664
128798
199318
207737
4709
46261
33907
111800
92783
84773
84773
135198
7354
135187
207841
207461
156837
153307
207470
133700
9834
207512
207836
111934
207639
136248
207642
61014
115033
157215
114502
3917
208589
93158
206087
1716
64852
131836
208925
2004
122169
235081
31572
208991
4018
207933
117706
97970
132629
105248
202972
196603
153665
155659
209032
236787
196041
274512
128013
135250
213867
12998
208720
112321
2098
208527
60603
209390
113988
205657
39859
207704
199935
207941
126597
119039
117785
128485
206088
197526
120999
158053
206903
157202
117162
207269
61459
210318
64710
88993
35610
74447
115957
138663
129604
131488
210694
135157
114413
105804
209614
211269
201006
122045
209626
6005
209663
128188
209381
211792
12786
32726
127987
210071
93751
209167
130477
258987
208952
85526
126254
201910
158224
122198
208734
85950
202121
194610
112489
155924
68507
139061
206709
118189
127325
208691
210232
211694
116609
119847
195623
211243
95341
126484
199951
210195
207459
134057
202359
210922
39340
2140
208596
212186
210750
65802
136735
3452
104541
202137
154481
79736
127162
124714
210939
129057
133678
153227
201213
136135
95403
137872
108291
198189
207717
49920
157061
158017
139309
213118
134675
99747
211104
126883
127585
224490
83659
210235
194852
213105
195635
128113
128113
123348
208730
195684
211942
196965
123531
205971
203085
83867
201874
155226
128266
128264
130738
212464
158697
60437
123594
121710
155278
122587
67384
213462
130464
206689
135895
118924
213909
211855
213803
2121
212060
99363
212870
605
69355
212109
130791
209493
153715
87994
211789
157664
115506
199175
213359
204667
214089
208336
213193
214156
122369
211790
156811
111263
90669
214036
212869
212512
114463
157181
195382
213315
213779
126929
1068
214302
105775
213288
197235
115996
121171
112837
200900
212900
124958
212105
156406
214837
205272
106116
130567
213608
124004
131244
210955
210713
214257
212818
119051
213573
156934
214258
156053
128246
215111
201948
213345
214454
203805
111837
214307
137043
59309
210942
215835
135868
25850
212284
214609
130765
214949
215629
137437
75893
215492
203741
210532
226331
215874
2352
31502
211774
205748
35339
153312
115304
135155
195298
106541
96734
46121
112486
122021
215092
136794
135814
69889
202018
156902
215837
2316
57755
46080
213502
214088
87526
66599
103416
207938
135334
194511
137831
67929
216575
217082
125392
112581
155623
91502
63462
96228
3382
217965
72350
121567
203949
217701
216629
79478
154916
202190
201886
215788
206085
92967
126725
101149
196526
100088
99346
203697
36222
214078
120471
114410
195747
200945
138971
217460
217658
34158
139287
157829
211642
84162
158293
203704
194899
113098
135959
4601
18520
98986
33827
215333
139396
72871
217218
155973
156401
136311
212294
47907
204572
12680
9980
213241
60803
137430
134865
114187
203780
215298
157744
124131
257790
217662
136394
217309
196412
86836
156820
213313
217710
82791
31586
210905
220030
130125
99145
203178
106694
138561
211746
218184
128676
219451
139518
1420
218896
218428
135502
219063
46434
218137
207841
128328
137094
136733
19654
218804
217858
219067
125000
220989
128066
205179
219066
218530
214063
195821
154494
135720
156658
195237
139099
209650
31356
75123
216811
207992
49297
221483
212750
202102
109377
218521
197242
117030
208569
219697
219053
154050
95555
218476
206285
221765
4589
136283
202213
104877
201902
217699
154795
33275
107888
128300
98779
221520
1600
202761
216795
221955
158625
220597
119510
134375
67823
222208
110126
216322
195780
221744
220650
212171
219432
138169
220116
209504
87024
65304
218268
250479
211698
218932
221189
216322
219064
210688
63451
197496
198049
196906
156819
220229
129552
208073
206097
207862
194704
127447
45666
126869
221522
100161
220932
219788
199315
221525
205440
127714
129895
195841
65819
220538
203554
223601
222559
195868
106677
208713
220009
94617
222922
500
119064
195359
210834
154385
204241
125462
131041
201289
132600
117933
223313
169582
217328
223669
218982
214646
139280
135865
153784
222314
204266
123856
203857
72350
67075
888
68909
202099
222892
222839
223668
157010
218961
223528
208230
130987
222792
8344
114922
124800
138455
208493
210249
24309
203040
204832
217752
217417
224490
194829
218194
219056
216766
3902
61378
201949
157160
208891
107413
225817
96237
196454
154775
224920
95574
156946
134465
17113
210269
125988
31910
224047
127948
128024
201949
137040
214062
224035
154114
222806
100349
156665
224387
225351
194573
225918
109611
154828
215472
202960
208397
126726
226554
197460
171398
218835
204412
214999
200732
81358
225039
63329
31911
222236
207743
214997
225428
195670
116793
225292
230273
234729
224981
139130
2584
223119
88803
62084
18053
73613
218502
208549
157199
205504
209380
2942
205442
80795
213228
112211
221300
13780
224373
202577
90808
111647
224710
207258
221871
212348
226241
224382
67773
251422
224773
205683
225780
225152
225482
227371
227708
196421
212989
227239
90296
77692
71012
118546
216228
226135
127529
241626
5148
214603
233340
155935
225335
226404
194703
1606
2723
76645
20113
227322
688
226772
117678
201819
227971
205166
202139
202150
211487
216223
225453
228963
257679
105169
215385
205366
63822
196400
156822
1558
129029
223121
135240
48585
116386
216113
227639
76534
92788
61478
61729
220674
129897
226684
229509
158235
81913
228739
44549
202296
217825
228628
273578
81924
70728
85519
207493
212223
210072
67576
229761
229736
220998
32315
201992
218125
214095
219018
208661
111487
206419
227890
204996
227139
210268
155683
230458
78670
39518
91183
2530
1475
128613
194756
226023
97266
221908
124364
81046
61889
79061
276204
222288
224009
203417
202308
75968
226802
229516
128329
230034
221048
205040
201085
82060
226645
136396
71712
155780
262
12971
4057
83295
224763
1402
71915
100712
81356
46952
71816
615
79696
91907
76231
4686
72541
69050
92685
81499
734
112945
107375
99741
73021
55866
71694
118680
102434
71885
56570
119181
60585
121509
101918
102085
5371
93288
110534
85801
98201
107113
105009
129600
66014
93740
95205
135371
71914
94245
33217
74440
106454
121481
88165
116450
124067
97951
132922
116799
124834
61789
194766
129141
103516
114105
129959
156898
64460
68073
139566
138597
157747
34634
87049
136315
61575
157221
129500
46268
102321
202998
65931
117465
123192
225206
157161
105052
207863
114472
196214
154824
228175
222172
227975
198102
122235
80991
82782
125928
62543
198004
213179
196944
223318
132016
208716
218475
214738
122650
201304
17112
61153
228277
104649
82237
113962
228966
68398
228965
230494
210218
210586
61255
156610
218099
2661
211748
226267
214891
208834
201581
138925
210702
229153
156473
226508
230043
157383
211049
130845
158900
8807
108284
222972
220897
153224
70881
226216
222835
119772
117024
102901
125816
77110
64989
217180
122235
218577
93588
211217
74415
47480
94664
222783
158373
127308
71712
2437
223430
66214
101157
85000
157525
74501
222785
134403
94734
106925
229166
131561
210733
79407
157433
128904
106081
99363
137252
213328
230815
66433
217945
80307
133748
6732
6618
106067
219586
84157
216576
231331
221102
204358
61469
230716
82437
153195
156030
126485
205214
158083
217462
210107
218435
35308
231019
131366
39957
4327
217390
15079
61593
202101
230939
123542
201363
227381
74682
222625
85828
223400
231505
209649
154716
110971
45997
73554
228663
131366
207829
43152
96316
128210
200732
156714
135335
138181
218807
194613
156888
42066
137883
231858
207521
114461
59268
205308
226803
232815
106515
231797
110180
231796
90832
60913
227318
59149
201363
222023
65447
112747
154743
37807
195966
137718
231483
156563
1436
1436
86893
232745
99072
227003
87773
128995
208427
99817
232888
111110
209922
157362
206619
72896
202851
231380
96557
82728
214592
229962
229221
230371
219382
217883
229371
216604
100572
196474
73472
218928
210705
74064
61350
215344
195990
206748
77631
2612
93972
200709
83949
233051
198090
232401
211688
153402
119749
137689
218351
231681
231311
84768
124477
74076
54477
5381
65187
211020
228791
61611
196875
204276
233531
206966
233343
207368
213424
209727
203728
156240
202097
231340
210781
131268
216445
218840
6673
136368
202237
195814
253254
233722
204492
72710
123548
226082
232811
70454
212440
21773
93814
115596
206017
222288
236007
61387
80714
227955
83062
234423
212196
231963
222785
233340
15754
133031
87932
114023
22433
213690
2328
204148
43982
87408
7482
233600
210178
136308
209027
231821
230418
65522
129462
228701
46298
235345
154121
229382
122194
99247
231396
50622
90870
158811
7869
236265
41889
1413
115466
38953
27318
114798
57243
71790
62490
64503
30801
80350
57532
62286
88324
91296
79501
89572
92684
90282
86248
67928
89844
86686
96648
85077
97645
2734
99353
84958
6636
58832
231804
130392
90462
81144
119845
109939
153411
158793
202010
155892
136322
14814
100383
156883
204684
155631
124278
72027
214079
212921
68689
153282
65052
207493
133490
69295
228663
202307
213442
218263
207564
96316
134742
42963
224207
138948
134742
202821
215956
117992
153337
215001
232656
131378
204849
95215
216276
99737
247652
131992
233183
217272
235405
213337
205715
133748
130842
66444
210704
232861
387
230241
126824
203164
234239
157065
227683
235540
231677
64401
2297
224330
100796
239361
201413
216133
115524
228051
211779
234729
3452
197436
5835
220779
117303
229183
237078
236869
131026
101243
202141
69850
37722
46392
236870
196257
130273
139405
155063
235356
21409
235228
107397
108538
134228
127372
210363
234787
204154
126501
214128
86784
218346
194797
135238
196594
205703
231811
27053
157319
228604
155779
112745
115538
206510
117649
79
69287
216137
239907
221416
136169
204210
235441
88529
104484
97713
87093
240125
120137
114195
76757
153336
213609
216569
62564
100935
236006
120773
78411
27993
136738
207713
85904
198050
77240
234821
91997
98900
100368
237727
114160
93875
103149
108177
236319
126362
110207
1647
155646
222637
60667
238395
78482
106055
238408
235851
95909
235300
236540
216289
33873
79654
74191
238267
228957
204541
47523
65688
237806
221504
156197
71847
236505
230225
1855
210945
209280
234800
155421
236267
66084
225287
196857
237554
225180
45782
158694
200701
221121
230228
67264
78254
88910
238841
87826
90281
230826
238091
156662
236406
4419
210391
206916
8592
120241
234455
202142
62725
58432
218177
4057
64375
156701
204027
233905
236022
74739
137328
200777
239465
237458
236537
235924
110910
224449
1719
203450
239592
239591
236400
119446
67667
67667
214924
235914
156315
10079
239244
1300
235350
230370
226626
66669
81425
118357
107531
194615
127809
205482
213895
204357
155292
230226
82879
7406
76300
1760
896
62829
105304
233919
71680
237983
232941
238300
217088
73265
157195
129832
239958
112888
62644
125750
77432
106154
204082
5863
76205
211051
2009
209710
66551
240216
156095
1487
68006
234717
235571
207505
200879
69697
240196
194605
125940
232650
106143
204999
128072
239173
197178
210946
240563
283197
67667
196308
231018
238959
31623
39952
95739
5281
233254
73541
202208
238046
128306
212204
239763
240402
31654
31654
67667
9302
216985
213786
6040
238557
199001
31155
125278
233237
208944
226403
203616
225283
239243
236032
65784
234255
241455
236450
132380
30669
60625
68367
20724
46299
89630
65494
87917
456
63109
70984
46126
17674
14853
8361
91941
35159
65733
117815
46101
258858
105733
41263
41829
74615
95885
92077
98728
119036
65988
99583
62916
86060
75298
101359
95479
42906
45140
86031
1429
12961
67026
127012
94232
57022
59092
1433
91363
130396
92628
63451
70014
89844
137164
81723
214686
108978
103972
1434
110558
8335
66461
158415
95480
132559
10094
51018
45762
73223
128839
111110
200731
30984
128384
204095
19673
204577
83596
133908
220586
42268
88070
45817
123331
196429
204370
46119
82173
41698
79006
40290
32692
115577
20885
209117
90234
4586
105556
41743
216386
155911
197875
209085
88521
40817
18341
212350
128794
209265
46156
71956
82328
127706
12861
20463
138992
124124
124045
75627
71611
82882
215508
221587
205070
198054
46173
155772
210879
217766
42679
217766
210879
220150
210181
119495
213026
238889
218613
106355
14424
92649
139630
19615
85041
215508
205439
217211
202297
98123
211709
195459
46901
216523
202306
236868
82591
82591
83095
213331
205050
230288
64928
98823
209077
106301
13179
229610
219673
212053
217512
222798
223564
230050
214649
69367
214540
221148
69367
218684
96139
115236
154526
112398
123525
132917
229612
217404
209829
308
157732
216089
76922
77694
213990
206799
224857
222266
221418
209725
114655
214160
80096
134095
214160
12637
112388
157571
65876
221880
239938
194567
79679
221486
218030
76238
217332
238689
243837
241162
72637
209502
31109
118871
221122
238151
238755
220374
103506
136732
230024
44876
790
215806
231217
241736
237232
75758
82937
90937
79574
1042
125527
100258
224479
48000
10283
73319
66584
31783
36
127588
133470
240105
118812
218963
95486
125061
45241
155040
229210
103540
87187
129887
131009
11818
135238
17463
224900
109866
218539
86830
230585
120199
218038
241373
101314
38559
222876
99654
31417
75497
79085
229940
60911
91987
221301
83959
31736
46028
157851
60381
222016
132719
236520
4238
241063
5829
138180
225866
203045
209604
234740
242571
196238
209391
96402
220801
120314
66387
242238
219148
155440
101906
225214
135154
4610
12539
68890
111819
63417
136840
241849
4241
45125
50087
230779
656
56559
236857
214994
99150
93749
74887
21918
233277
221851
105009
2268
133215
71441
241945
72517
72517
99083
242929
221181
45211
220286
227004
236338
607
207784
45254
120909
53728
223565
218230
139060
230823
218843
216584
121423
70923
607
46314
223780
230059
73833
220542
92609
154877
36368
114763
73320
241741
217337
121718
226969
214478
216424
83725
71712
225178
61175
209751
231357
62299
238585
156095
211709
209077
86449
96723
241168
246496
97569
204490
229854
217522
243178
119168
209332
91771
113585
236142
241140
221310
35871
40290
222787
205672
194665
222784
78484
238419
206630
234995
131365
75367
232926
233750
243704
123995
46423
80301
80474
58957
120998
226107
221165
156473
197848
218493
236930
208445
229443
1431
225029
38464
66776
113256
133813
32608
19653
156741
213181
209867
152627
209867
204832
111819
120089
213091
243779
90706
121241
197086
197434
242396
202101
4681
230272
73951
242845
209922
94954
153528
230463
242073
11294
205154
244218
201009
197434
127532
222930
44506
215072
20945
125006
123992
86164
68590
69557
94663
75223
218576
62058
92825
204304
83002
13780
73107
49038
137893
252523
93260
113225
223365
207718
124323
97617
124326
32726
234721
95556
46518
31713
76458
242394
226688
126485
60659
241021
157270
138498
61427
68304
242019
99787
45950
209479
112010
79342
96450
138385
216264
18848
242335
242335
95293
81749
58932
156688
242932
37346
97617
230966
236532
86169
217755
69061
11235
243348
220073
243741
1668
60059
37158
1414
242392
1418
245217
241480
1972
1972
4604
118642
226905
219
245615
91638
224955
18165
233205
245784
15151
202783
2309
346
346
220073
83595
42336
226548
107150
139348
5576
90234
79744
16138
7448
3500
46162
46162
218368
13093
72658
60640
121581
73752
106755
39491
45104
41057
204360
66825
46121
216803
63817
44493
15277
16140
4184
20613
42280
154911
93524
132232
13091
83595
44798
86198
98960
158234
59599
7537
12859
12861
12387
69316
153666
158305
158251
63408
69889
46901
17635
99791
90517
77570
45761
104106
58565
41802
46145
41920
83738
88381
7072
43937
46160
45652
45815
1418
16286
119032
45760
91748
2566
127898
82452
62669
84612
209077
97860
218843
236268
68267
46027
12592
65166
45816
17416
42928
45818
45866
45865
20875
86200
34957
58593
16703
46120
84840
115645
67984
122009
194
228308
194
157368
226905
195633
220836
230824
98927
85526
1399
228344
67394
202284
43055
53787
213490
207250
197125
238846
237045
121658
80748
69851
231802
46170
69851
139551
30982
37529
3320
214310
222425
34664
76346
130677
99045
89504
86479
45801
82452
113710
83639
154825
8514
129888
113240
196907
197067
70626
133775
123138
100897
96481
206180
78058
45579
137904
80752
203438
2260
70452
155231
126035
232433
88783
219651
93846
158876
129888
48585
194797
112966
68349
137206
154824
221851
135238
89604
155040
156406
90721
218539
222625
90296
158811
210107
113268
119466
216310
60957
75066
32226
67915
95603
214582
212203
94796
68854
129473
129351
204367
67391
205319
116386
210586
215001
128365
139798
196526
196474
133678
79434
67018
137520
138663
129475
63787
34408
31417
99047
157362
136368
214422
111980
110562
65555
77532
80411
213049
96305
124364
80020
206586
87623
96775
111804
61019
215720
126308
222233
50035
108545
66017
111110
66496
243403
197460
80743
82684
241259
60207
211684
251858
106379
235995
67014
211057
237480
214942
250670
138502
253225
12637
158248
207334
48406
210661
211747
81372
153488
71349
446
85718
196322
238841
57243
67199
238597
198053
31418
156933
63767
17430
211288
228958
103
252376
49513
153515
12926
240901
114479
1232
102675
891
224633
227189
17611
158141
31585
87607
227219
79862
72438
96648
76669
32895
79588
257560
31556
38204
242876
233526
209226
90
16286
67156
125381
23330
120549
200753
259387
246872
6212
254930
246711
256220
39588
126248
117928
226706
126255
64500
253983
158158
74682
39588
75789
84601
38207
66840
75209
61811
83097
119761
5430
110886
243975
215709
107365
130853
196564
241492
201834
252287
243149
130074
114924
248358
221392
213249
236979
2490
158339
90660
261143
223397
259730
3475
119790
90210
69306
69919
157226
63407
230923
108060
126437
40052
102621
47990
93149
14666
239287
46125
100868
120910
85937
241454
44049
270579
90521
158229
1781
62630
138501
19845
154018
37156
210865
225634
220564
1395
78976
87674
230209
201834
124271
272463
250923
97333
257960
89671
229480
261200
65345
47711
32605
245684
237478
1271
257064
222405
254972
259259
214032
253254
68349
133490
39497
265156
39497
223438
509
890
212588
72350
53129
63301
85389
2253
122194
231000
216619
71912
95004
206586
197454
213612
157367
249056
158300
235779
75540
79156
224634
201146
1407
67106
112163
247518
43020
43020
230198
62917
71018
247721
272393
275630
243396
71018
72682
272730
246246
236994
90591
4508
243875
243875
208942
214217
157200
262446
255919
157207
258917
253760
261449
223785
157432
222289
253249
107498
240411
60863
252372
104803
124890
214945
80411
259172
213306
21175
66661
234061
213306
139512
90228
32694
237512
204098
262455
130368
258707
64284
247518
224505
230735
215580
243761
68814
20124
258902
211039
278364
65143
14424
253905
44169
33238
73506
219446
224054
71036
222766
232590
67570
253808
218477
61389
219543
261579
73321
62428
219971
126506
78173
45790
202879
209793
157741
231100
219826
111980
1405
2755
245996
71024
255868
61838
242977
239966
219937
42886
217211
96164
17915
95557
257048
65856
39279
238699
228026
80283
277010
129286
230777
278383
250308
243006
232865
32608
248744
78036
86850
245256
277974
274820
230448
274413
234674
91470
66786
91602
147050
60632
254514
245312
246155
116928
214290
207333
40351
89456
246028
34391
202282
195916
244243
115465
125935
128493
129398
73549
214951
46298
157741
88382
70767
158307
134297
65043
96884
263089
203614
63451
236429
280962
236429
42425
132559
279283
80205
64783
211240
242977
274963
63418
249522
63647
110104
225223
69306
219290
236449
221244
64551
153856
228979
2085
152326
273081
135644
85431
26725
21755
87542
2025
95997
138502
224732
12861
242879
231394
67135
242879
240942
274921
262727
250041
3787
38882
226637
68432
158596
250307
20111
36473
74204
248287
9957
56304
77026
219937
281999
251883
226529
62264
62211
256953
86657
80240
67232
67482
245927
262252
11250
232821
226637
66776
35254
95066
90447
156484
246025
260252
252020
248982
37664
253990
282405
235577
279231
153461
4217
21641
135549
89317
282361
54653
224021
89214
84380
138503
34307
11721
245026
233742
216082
40244
262469
5690
124643
31941
215866
198110
46157
203240
239017
225265
224361
46375
232018
208851
233347
283085
282846
250308
282651
281679
230365
17635
228878
255689
275587
239006
93657
237565
4239
218121
283197
241501
232886
282633
282201
222176
241816
280409
95224
241485
246381
277049
278877
273693
154822
278404
281629
213338
279339
4239
212462
135023
202527
69692
91337
4906
277805
225385
133490
253030
212246
241112
127588
225221
230127
15151
62417
65623
2579
259453
236262
237748
240909
254821
157950
158300
202555
2798
208721
64969
225399
204255
283484
281413
232342
246748
76121
12536
21298
128554
65334
65564
32573
95509